100 5047
1 26 9
1 100 10
1 58 2
1 14 10
1 36 6
1 91 4
1 20 7
1 22 3
1 2 6
1 86 6
1 3 1
1 92 3
1 84 7
1 64 4
1 59 2
1 69 4
1 87 10
1 57 8
1 89 10
1 94 1
1 97 5
1 24 3
1 7 5
1 44 6
1 5 8
1 79 6
1 10 5
1 68 2
1 41 8
1 73 9
1 28 5
1 67 6
1 99 4
1 37 10
1 42 8
1 12 9
1 6 6
1 4 4
1 83 1
1 29 3
1 8 6
1 32 4
1 16 4
1 19 6
1 61 5
1 18 10
1 47 9
1 52 4
1 76 3
1 45 4
1 35 2
1 23 8
1 11 4
1 62 6
1 17 3
1 34 9
1 72 3
1 75 4
1 93 5
2 26 3
2 100 7
2 58 6
2 36 6
2 96 10
2 91 10
2 20 7
2 38 6
2 86 3
2 81 6
2 64 4
2 55 1
2 59 8
2 33 5
2 56 10
2 69 1
2 57 1
2 97 9
2 24 7
2 44 3
2 5 3
2 79 7
2 98 3
2 10 6
2 95 7
2 68 1
2 41 6
2 49 4
2 73 2
2 66 9
2 67 10
2 53 3
2 30 1
2 21 1
2 12 10
2 6 1
2 27 10
2 83 1
2 54 1
2 8 5
2 32 9
2 18 9
2 47 1
2 52 7
2 45 3
2 23 6
2 11 1
2 17 3
3 26 6
3 58 5
3 14 2
3 91 10
3 22 1
3 38 2
3 48 2
3 2 1
3 92 4
3 64 10
3 82 9
3 59 9
3 33 6
3 56 6
3 57 6
3 85 9
3 97 4
3 24 6
3 1 10
3 7 3
3 44 2
3 79 5
3 9 4
3 95 10
3 65 10
3 51 5
3 49 1
3 73 6
3 67 6
3 80 8
3 42 6
3 40 5
3 21 6
3 12 9
3 6 5
3 31 2
3 4 7
3 83 2
3 29 7
3 54 8
3 8 4
3 16 9
3 19 6
3 61 10
3 25 9
3 18 3
3 52 5
3 60 1
3 62 1
3 17 10
3 34 6
3 39 4
3 63 1
3 75 9
3 70 2
4 26 6
4 100 7
4 13 1
4 14 4
4 36 4
4 91 1
4 22 7
4 2 1
4 3 10
4 84 7
4 64 8
4 56 3
4 69 10
4 87 5
4 89 2
4 85 7
4 94 5
4 97 4
4 1 9
4 7 4
4 79 8
4 98 5
4 95 1
4 51 4
4 68 1
4 73 4
4 28 6
4 80 5
4 42 3
4 88 6
4 12 1
4 78 7
4 27 4
4 83 3
4 8 8
4 32 8
4 16 3
4 19 1
4 61 7
4 25 10
4 18 1
4 60 3
4 15 4
4 45 4
4 35 1
4 11 7
4 62 8
4 39 4
4 72 5
4 63 9
4 43 3
4 93 5
5 26 7
5 100 10
5 36 4
5 22 2
5 38 6
5 48 5
5 86 9
5 3 10
5 90 2
5 81 4
5 64 2
5 55 4
5 59 3
5 56 9
5 50 5
5 57 4
5 89 4
5 94 4
5 1 7
5 77 8
5 7 3
5 44 1
5 79 4
5 98 5
5 46 4
5 95 5
5 51 2
5 73 7
5 28 9
5 66 8
5 67 4
5 40 1
5 88 8
5 12 10
5 78 8
5 6 6
5 31 6
5 4 8
5 29 9
5 8 4
5 32 6
5 16 1
5 61 2
5 25 7
5 71 9
5 15 3
5 11 2
5 62 4
5 72 6
5 43 4
5 75 3
6 100 10
6 13 9
6 14 3
6 91 3
6 20 1
6 38 1
6 86 1
6 81 9
6 84 10
6 55 4
6 59 8
6 56 1
6 50 6
6 57 3
6 85 1
6 94 6
6 24 3
6 98 5
6 46 5
6 10 10
6 65 2
6 73 5
6 28 7
6 66 9
6 37 3
6 42 7
6 30 8
6 27 5
6 4 6
6 83 6
6 29 2
6 8 6
6 32 6
6 16 5
6 19 5
6 47 1
6 71 2
6 76 2
6 60 9
6 35 9
6 11 9
6 62 9
6 63 7
6 43 1
7 14 5
7 91 8
7 22 10
7 2 4
7 86 6
7 81 7
7 84 5
7 64 10
7 82 9
7 55 1
7 59 1
7 56 7
7 50 5
7 24 10
7 77 7
7 5 7
7 98 3
7 46 9
7 9 2
7 95 4
7 68 3
7 41 9
7 73 9
7 28 3
7 67 3
7 37 6
7 88 4
7 30 9
7 21 3
7 12 1
7 27 6
7 31 5
7 4 7
7 83 5
7 29 5
7 54 3
7 8 9
7 19 5
7 25 3
7 18 5
7 47 2
7 71 2
7 52 5
7 60 9
7 45 9
7 23 9
7 11 6
7 17 7
7 34 2
7 72 2
7 75 10
7 93 7
8 100 10
8 58 5
8 13 1
8 14 2
8 36 3
8 96 10
8 38 10
8 2 8
8 86 9
8 3 8
8 90 1
8 81 10
8 92 7
8 84 5
8 55 2
8 33 3
8 56 2
8 87 5
8 57 1
8 89 4
8 94 3
8 97 10
8 24 7
8 5 10
8 46 5
8 10 9
8 9 10
8 95 1
8 65 5
8 68 5
8 41 4
8 67 7
8 53 5
8 80 7
8 37 10
8 40 6
8 78 5
8 27 7
8 31 9
8 4 3
8 16 10
8 19 4
8 18 10
8 47 9
8 52 3
8 45 4
8 23 7
8 11 6
8 62 6
8 63 6
8 74 5
8 43 1
8 93 5
9 26 5
9 100 7
9 58 4
9 13 3
9 14 7
9 36 1
9 91 3
9 22 2
9 48 7
9 2 1
9 92 6
9 64 2
9 55 4
9 59 5
9 33 6
9 56 2
9 89 6
9 85 7
9 79 2
9 10 1
9 95 2
9 65 8
9 51 4
9 68 3
9 49 7
9 28 9
9 66 9
9 80 7
9 99 5
9 42 8
9 88 9
9 78 3
9 27 3
9 4 6
9 83 2
9 54 4
9 8 7
9 32 5
9 61 7
9 18 5
9 71 3
9 60 4
9 45 6
9 11 1
9 62 2
9 17 1
9 63 2
9 43 8
9 93 6
9 70 1
10 26 3
10 58 4
10 14 6
10 91 2
10 22 2
10 48 2
10 2 8
10 3 2
10 90 6
10 81 3
10 84 4
10 82 6
10 55 10
10 33 9
10 56 9
10 69 3
10 87 9
10 89 2
10 94 10
10 24 4
10 44 2
10 98 7
10 46 8
10 9 1
10 95 2
10 65 1
10 49 8
10 73 7
10 66 1
10 99 2
10 37 1
10 88 10
10 30 9
10 78 2
10 4 9
10 29 8
10 54 4
10 16 2
10 47 10
10 71 1
10 52 3
10 45 7
10 35 4
10 23 2
10 11 4
10 62 7
10 34 4
10 63 1
10 75 9
11 100 8
11 14 8
11 2 1
11 86 7
11 90 4
11 81 7
11 92 4
11 84 2
11 64 6
11 82 4
11 59 4
11 56 4
11 50 7
11 87 8
11 57 6
11 89 2
11 85 1
11 94 7
11 77 3
11 44 3
11 46 1
11 95 6
11 51 5
11 41 10
11 49 3
11 28 4
11 67 8
11 53 5
11 37 1
11 42 2
11 40 4
11 30 10
11 21 1
11 27 5
11 31 5
11 83 5
11 32 4
11 19 1
11 18 5
11 60 7
11 23 6
11 62 1
11 34 2
11 39 9
11 72 4
11 74 5
11 43 2
11 75 1
11 93 2
11 70 10
12 100 1
12 58 10
12 91 10
12 22 3
12 48 8
12 81 10
12 84 8
12 64 9
12 55 1
12 33 9
12 56 1
12 50 10
12 69 6
12 87 7
12 57 10
12 89 10
12 97 2
12 24 6
12 77 5
12 7 7
12 44 3
12 5 10
12 79 7
12 98 5
12 10 8
12 9 5
12 68 7
12 49 1
12 73 1
12 28 7
12 67 3
12 80 10
12 99 2
12 37 1
12 42 7
12 30 10
12 21 6
12 31 5
12 4 7
12 29 10
12 54 7
12 32 3
12 19 9
12 61 6
12 25 7
12 76 10
12 60 6
12 35 2
12 62 7
12 17 7
12 39 4
12 75 7
12 93 4
13 26 5
13 20 9
13 48 8
13 2 4
13 86 1
13 3 8
13 84 5
13 64 2
13 82 1
13 55 4
13 59 5
13 69 1
13 87 8
13 85 8
13 94 5
13 1 4
13 77 7
13 7 10
13 5 1
13 79 1
13 98 10
13 46 5
13 9 4
13 95 3
13 51 8
13 49 7
13 73 9
13 66 6
13 80 7
13 99 7
13 42 9
13 40 3
13 88 10
13 21 1
13 78 9
13 29 6
13 54 7
13 8 5
13 32 8
13 19 9
13 61 2
13 25 10
13 18 6
13 52 3
13 76 7
13 60 3
13 15 5
13 45 8
13 35 3
13 23 1
13 11 8
13 75 6
14 13 7
14 36 6
14 96 5
14 91 7
14 22 9
14 38 2
14 48 7
14 81 3
14 84 7
14 82 8
14 55 1
14 33 9
14 69 7
14 87 2
14 89 5
14 97 9
14 1 4
14 77 7
14 7 2
14 5 8
14 10 10
14 51 3
14 41 1
14 73 8
14 67 6
14 53 7
14 80 5
14 40 4
14 21 9
14 12 6
14 6 5
14 27 3
14 54 8
14 8 1
14 32 7
14 16 4
14 19 8
14 61 7
14 47 1
14 71 1
14 52 5
14 76 7
14 15 3
14 45 3
14 35 3
14 23 7
14 11 8
14 17 4
14 43 10
14 93 2
14 70 7
15 100 1
15 13 2
15 36 6
15 96 7
15 48 10
15 2 7
15 86 7
15 90 7
15 92 6
15 84 6
15 64 8
15 82 8
15 59 6
15 33 4
15 57 7
15 89 1
15 94 5
15 97 9
15 24 10
15 5 7
15 79 10
15 46 8
15 95 1
15 65 1
15 51 9
15 41 8
15 49 2
15 73 7
15 28 1
15 66 9
15 80 2
15 37 10
15 42 5
15 88 2
15 30 3
15 21 5
15 4 4
15 54 9
15 61 7
15 18 5
15 71 5
15 76 1
15 60 6
15 45 6
15 35 9
15 17 6
15 72 9
15 75 3
16 100 3
16 58 4
16 13 9
16 36 2
16 96 2
16 91 7
16 20 6
16 38 8
16 48 5
16 90 4
16 92 5
16 84 6
16 82 3
16 59 5
16 56 5
16 50 9
16 89 3
16 94 10
16 97 3
16 7 10
16 79 5
16 98 4
16 46 2
16 65 2
16 51 10
16 68 2
16 73 4
16 80 2
16 37 1
16 42 3
16 40 1
16 88 6
16 30 1
16 21 10
16 78 1
16 6 3
16 31 1
16 19 6
16 71 9
16 76 2
16 15 10
16 45 2
16 11 2
16 62 5
16 17 10
16 72 7
16 63 2
16 43 5
16 75 2
16 70 8
17 26 4
17 100 4
17 58 6
17 14 6
17 96 2
17 38 1
17 86 8
17 81 3
17 64 7
17 59 8
17 33 2
17 69 2
17 89 8
17 44 7
17 46 6
17 10 3
17 95 7
17 51 9
17 41 5
17 28 2
17 66 6
17 67 9
17 53 9
17 37 7
17 42 9
17 40 4
17 88 4
17 6 9
17 27 3
17 31 1
17 83 1
17 19 10
17 71 5
17 52 9
17 76 5
17 45 2
17 34 3
17 39 3
17 63 8
17 74 6
17 43 2
17 70 8
18 26 4
18 58 10
18 96 9
18 38 9
18 48 3
18 3 3
18 33 1
18 56 3
18 50 5
18 69 9
18 57 5
18 89 8
18 97 8
18 1 3
18 77 9
18 44 2
18 79 4
18 98 6
18 46 9
18 9 2
18 95 6
18 65 10
18 68 6
18 49 4
18 73 7
18 67 7
18 80 8
18 42 7
18 30 9
18 21 3
18 6 2
18 31 4
18 29 2
18 8 1
18 61 10
18 47 10
18 71 4
18 60 7
18 35 10
18 17 8
18 39 2
18 72 2
18 93 2
18 70 3
19 26 5
19 13 3
19 14 7
19 38 10
19 48 7
19 3 2
19 90 6
19 84 9
19 82 9
19 56 3
19 50 4
19 89 7
19 1 1
19 7 9
19 44 1
19 5 6
19 79 7
19 10 10
19 9 8
19 65 7
19 68 6
19 49 2
19 28 4
19 66 4
19 37 3
19 42 9
19 88 10
19 30 2
19 21 5
19 12 10
19 6 10
19 27 7
19 31 7
19 4 8
19 29 2
19 61 1
19 25 9
19 47 1
19 52 6
19 76 1
19 15 4
19 11 10
19 62 2
19 17 1
19 34 8
19 39 10
19 74 1
20 100 7
20 58 6
20 96 7
20 91 4
20 48 10
20 90 3
20 81 9
20 84 8
20 64 4
20 55 4
20 50 9
20 69 3
20 57 9
20 89 4
20 85 4
20 97 2
20 24 7
20 7 7
20 79 7
20 98 6
20 46 6
20 9 3
20 51 4
20 68 8
20 41 3
20 66 10
20 37 1
20 42 7
20 40 10
20 88 10
20 30 5
20 6 10
20 27 8
20 54 1
20 8 8
20 19 8
20 47 9
20 76 3
20 45 6
20 35 8
20 11 6
20 17 10
20 74 2
20 43 6
20 75 6
20 93 4
20 70 1
21 100 2
21 96 6
21 91 5
21 20 2
21 22 5
21 2 2
21 86 7
21 3 7
21 90 5
21 55 8
21 33 1
21 87 6
21 89 1
21 94 10
21 24 10
21 77 2
21 7 5
21 5 3
21 9 5
21 95 4
21 51 9
21 68 6
21 28 1
21 99 3
21 42 2
21 40 1
21 88 9
21 27 6
21 4 7
21 83 7
21 54 1
21 19 8
21 61 8
21 47 3
21 52 9
21 45 5
21 23 5
21 11 9
21 62 5
21 34 1
21 39 7
21 72 7
21 63 10
21 74 8
21 75 9
21 93 7
22 26 4
22 100 5
22 13 7
22 36 10
22 91 1
22 20 6
22 38 7
22 48 2
22 2 9
22 90 4
22 81 6
22 64 4
22 55 7
22 33 10
22 56 2
22 50 8
22 87 7
22 89 6
22 85 5
22 94 1
22 97 2
22 24 3
22 1 6
22 77 9
22 44 3
22 98 6
22 65 2
22 51 4
22 49 4
22 28 8
22 66 4
22 67 2
22 53 3
22 99 1
22 37 4
22 88 7
22 78 4
22 27 2
22 31 7
22 4 10
22 83 1
22 29 8
22 8 4
22 19 7
22 61 9
22 18 1
22 47 6
22 52 6
22 76 1
22 60 4
22 15 3
22 45 8
22 23 10
22 34 6
22 72 10
22 74 5
22 70 5
23 26 1
23 58 6
23 13 2
23 36 7
23 96 9
23 91 9
23 20 4
23 38 7
23 2 10
23 86 4
23 3 6
23 81 4
23 92 5
23 84 6
23 82 10
23 55 3
23 59 6
23 33 6
23 87 10
23 57 8
23 89 5
23 97 5
23 24 9
23 1 7
23 46 8
23 10 9
23 51 7
23 49 9
23 66 5
23 53 10
23 37 3
23 42 10
23 88 5
23 30 10
23 6 4
23 31 3
23 4 5
23 83 3
23 29 1
23 8 3
23 32 10
23 19 8
23 25 4
23 52 5
23 60 4
23 45 7
23 11 8
23 62 10
23 39 6
23 72 10
23 74 2
23 43 10
23 93 7
23 70 9
24 26 6
24 100 7
24 14 3
24 20 5
24 38 2
24 48 1
24 2 6
24 3 7
24 90 6
24 64 7
24 59 9
24 33 4
24 56 6
24 87 5
24 57 3
24 89 3
24 1 6
24 5 5
24 98 7
24 10 7
24 65 2
24 68 3
24 41 4
24 28 6
24 67 10
24 80 8
24 99 4
24 37 3
24 42 5
24 40 9
24 88 7
24 30 5
24 78 3
24 6 9
24 27 5
24 83 1
24 54 3
24 8 1
24 32 4
24 61 8
24 25 4
24 47 10
24 52 7
24 76 1
24 60 5
24 45 10
24 23 1
24 62 8
24 39 8
24 72 10
24 93 4
24 70 7
25 26 10
25 58 3
25 36 8
25 91 10
25 20 10
25 38 10
25 2 6
25 90 9
25 81 4
25 92 5
25 64 2
25 82 3
25 55 2
25 87 7
25 89 6
25 24 2
25 7 6
25 44 8
25 79 3
25 98 6
25 46 3
25 10 9
25 9 8
25 65 2
25 51 8
25 41 4
25 49 9
25 73 7
25 67 2
25 42 9
25 31 5
25 4 1
25 83 8
25 29 4
25 54 1
25 32 3
25 19 1
25 52 7
25 60 6
25 23 8
25 17 8
25 39 9
25 72 9
25 63 8
25 74 1
25 75 8
25 70 2
26 13 10
26 14 4
26 36 5
26 22 3
26 38 5
26 48 2
26 86 8
26 3 2
26 84 5
26 64 8
26 82 2
26 33 10
26 56 8
26 50 1
26 87 8
26 57 2
26 85 5
26 94 9
26 97 9
26 24 8
26 1 1
26 77 1
26 7 3
26 44 9
26 5 5
26 79 2
26 98 3
26 46 5
26 9 3
26 95 10
26 65 6
26 73 4
26 28 9
26 67 5
26 53 2
26 37 5
26 21 5
26 78 4
26 6 10
26 27 2
26 31 1
26 29 10
26 8 10
26 32 5
26 16 8
26 61 8
26 18 1
26 47 3
26 71 6
26 76 7
26 60 8
26 15 9
26 35 6
26 17 6
26 63 6
26 43 3
26 75 1
26 93 3
26 70 4
27 100 5
27 13 2
27 36 8
27 91 4
27 20 3
27 22 8
27 38 1
27 48 8
27 2 3
27 81 1
27 64 10
27 82 8
27 55 7
27 50 4
27 69 4
27 57 10
27 89 6
27 24 1
27 7 6
27 5 8
27 46 9
27 10 6
27 51 6
27 68 8
27 49 8
27 66 10
27 80 2
27 99 5
27 42 7
27 88 4
27 30 6
27 21 8
27 12 5
27 78 4
27 6 6
27 4 2
27 29 4
27 54 10
27 8 4
27 32 7
27 16 8
27 47 2
27 71 9
27 76 4
27 15 2
27 45 5
27 23 3
27 17 2
27 75 8
27 93 3
27 70 10
28 14 8
28 91 7
28 20 5
28 22 6
28 38 8
28 48 6
28 86 4
28 3 9
28 81 9
28 84 6
28 82 5
28 55 9
28 56 10
28 50 4
28 87 3
28 57 3
28 85 3
28 94 4
28 77 2
28 7 5
28 44 3
28 10 6
28 41 6
28 66 5
28 53 7
28 99 9
28 37 7
28 40 5
28 30 4
28 21 2
28 6 1
28 31 7
28 4 7
28 29 2
28 32 7
28 16 3
28 25 9
28 71 4
28 76 8
28 60 9
28 15 4
28 45 10
28 11 2
28 34 1
28 74 4
28 93 8
28 70 1
29 26 1
29 100 5
29 13 9
29 2 2
29 86 1
29 92 3
29 84 1
29 64 1
29 82 5
29 59 5
29 50 10
29 85 1
29 97 3
29 24 6
29 1 9
29 7 10
29 5 9
29 98 6
29 10 8
29 9 5
29 95 1
29 65 5
29 51 4
29 68 9
29 49 2
29 73 4
29 66 7
29 42 8
29 40 7
29 21 10
29 27 6
29 31 9
29 4 9
29 83 10
29 54 7
29 8 4
29 16 2
29 25 8
29 18 7
29 47 7
29 71 8
29 52 2
29 76 3
29 60 2
29 15 5
29 35 3
29 17 6
29 34 6
29 63 1
29 74 9
29 43 10
29 75 7
29 93 6
30 100 7
30 13 6
30 36 8
30 38 5
30 48 2
30 2 7
30 90 5
30 84 8
30 64 4
30 82 5
30 59 10
30 33 5
30 56 6
30 50 9
30 69 9
30 87 8
30 57 8
30 85 9
30 94 9
30 1 2
30 77 8
30 7 5
30 5 6
30 79 10
30 10 8
30 95 6
30 65 8
30 51 9
30 28 2
30 53 6
30 80 1
30 37 2
30 42 5
30 40 1
30 21 3
30 6 2
30 4 4
30 83 7
30 54 5
30 8 1
30 32 9
30 16 7
30 18 3
30 47 2
30 60 7
30 15 8
30 45 4
30 23 9
30 11 6
30 62 6
30 17 6
30 34 8
30 39 8
30 74 2
30 93 2
30 70 10
31 26 7
31 100 2
31 58 1
31 13 10
31 86 4
31 84 10
31 64 1
31 59 8
31 33 2
31 87 3
31 57 6
31 85 3
31 77 1
31 44 5
31 79 2
31 46 2
31 10 2
31 51 8
31 68 2
31 49 4
31 66 4
31 53 8
31 80 1
31 99 2
31 42 10
31 88 9
31 21 10
31 12 4
31 27 9
31 19 9
31 61 1
31 18 4
31 71 2
31 60 10
31 15 10
31 45 2
31 23 4
31 11 3
31 34 8
31 39 1
31 72 6
31 63 7
31 74 2
31 93 8
32 26 6
32 100 2
32 36 1
32 96 9
32 91 7
32 22 4
32 38 6
32 2 4
32 86 8
32 3 7
32 90 9
32 81 2
32 92 2
32 64 5
32 55 8
32 59 10
32 33 2
32 50 3
32 57 10
32 89 7
32 85 4
32 97 7
32 7 3
32 5 3
32 10 4
32 9 9
32 95 8
32 51 6
32 68 2
32 28 2
32 67 5
32 42 10
32 40 10
32 21 2
32 6 5
32 4 6
32 8 7
32 19 10
32 25 2
32 18 5
32 15 4
32 45 4
32 35 8
32 23 2
32 11 5
32 62 4
32 34 3
32 39 3
32 63 1
32 43 5
32 93 3
33 14 5
33 36 2
33 91 6
33 20 4
33 3 9
33 92 3
33 84 6
33 64 4
33 55 10
33 59 9
33 56 4
33 50 5
33 69 2
33 94 10
33 77 2
33 10 10
33 9 10
33 95 8
33 65 9
33 68 7
33 41 8
33 49 7
33 73 2
33 67 3
33 99 2
33 42 2
33 88 7
33 21 1
33 6 6
33 4 2
33 54 1
33 25 4
33 18 6
33 60 7
33 15 3
33 11 10
33 17 3
33 34 5
33 72 1
33 74 8
33 43 2
33 75 8
33 70 5
34 26 1
34 100 10
34 58 10
34 14 5
34 22 4
34 48 9
34 2 6
34 90 4
34 81 9
34 84 5
34 82 5
34 55 5
34 33 5
34 56 9
34 50 1
34 69 5
34 87 10
34 57 4
34 89 1
34 97 8
34 44 4
34 98 1
34 46 9
34 65 6
34 68 6
34 41 5
34 49 2
34 73 10
34 66 3
34 67 3
34 53 5
34 80 10
34 37 8
34 88 9
34 30 9
34 12 6
34 78 8
34 6 5
34 31 6
34 4 9
34 8 9
34 16 4
34 61 4
34 18 1
34 47 4
34 76 9
34 60 2
34 15 8
34 45 3
34 17 7
34 72 5
34 63 10
34 43 1
34 75 4
34 93 4
35 58 3
35 13 6
35 14 6
35 36 7
35 96 3
35 91 8
35 22 2
35 3 5
35 90 4
35 81 3
35 92 10
35 64 6
35 82 2
35 59 2
35 33 1
35 50 6
35 69 5
35 87 3
35 89 2
35 85 6
35 94 1
35 1 3
35 77 8
35 44 9
35 5 7
35 79 1
35 46 1
35 10 10
35 9 3
35 65 8
35 51 6
35 68 10
35 49 6
35 53 8
35 37 10
35 42 2
35 40 2
35 88 9
35 30 8
35 12 4
35 31 4
35 4 1
35 83 4
35 29 2
35 16 4
35 19 1
35 61 7
35 25 5
35 18 10
35 47 2
35 71 10
35 52 5
35 45 7
35 23 3
35 62 9
35 17 2
35 34 10
35 63 1
35 43 1
35 75 8
35 93 8
35 70 5
36 26 1
36 91 8
36 38 10
36 48 6
36 2 4
36 64 4
36 82 6
36 55 9
36 69 6
36 87 4
36 89 9
36 94 8
36 97 8
36 24 9
36 44 3
36 5 2
36 98 9
36 46 4
36 65 8
36 68 8
36 41 10
36 49 10
36 28 2
36 67 2
36 53 4
36 42 3
36 40 9
36 30 8
36 21 1
36 12 10
36 6 10
36 27 8
36 31 8
36 4 4
36 29 7
36 16 6
36 19 8
36 25 1
36 18 4
36 71 1
36 60 7
36 23 9
36 17 10
36 34 1
36 72 9
36 74 1
36 93 3
37 26 8
37 58 8
37 96 7
37 22 9
37 2 1
37 3 4
37 90 3
37 92 9
37 55 5
37 33 2
37 56 6
37 50 4
37 69 2
37 87 8
37 57 9
37 89 3
37 85 4
37 24 5
37 77 3
37 7 10
37 79 10
37 98 8
37 9 7
37 65 3
37 41 8
37 49 10
37 73 3
37 66 7
37 80 1
37 42 9
37 88 7
37 30 9
37 21 10
37 12 8
37 27 1
37 31 7
37 4 3
37 83 6
37 54 5
37 32 4
37 16 1
37 19 8
37 61 9
37 25 7
37 18 7
37 71 5
37 52 6
37 60 8
37 15 8
37 35 10
37 11 2
37 17 10
37 39 8
37 72 5
37 93 4
37 70 7
38 26 10
38 100 4
38 58 10
38 14 9
38 36 10
38 91 5
38 2 10
38 3 7
38 81 9
38 92 2
38 84 7
38 64 2
38 82 6
38 33 2
38 69 6
38 85 8
38 94 4
38 24 7
38 1 6
38 7 6
38 44 6
38 5 7
38 46 2
38 10 1
38 65 9
38 51 6
38 68 2
38 49 7
38 73 8
38 28 3
38 99 3
38 37 9
38 42 5
38 88 5
38 78 6
38 6 4
38 27 7
38 4 2
38 29 3
38 32 8
38 19 10
38 61 9
38 25 6
38 47 6
38 76 9
38 60 5
38 45 6
38 35 6
38 23 2
38 17 10
38 34 3
38 72 7
38 63 6
38 74 9
38 93 8
39 14 9
39 36 7
39 96 8
39 48 2
39 90 2
39 84 2
39 82 9
39 57 8
39 85 4
39 24 4
39 77 6
39 7 2
39 98 10
39 46 5
39 9 8
39 68 10
39 41 3
39 66 5
39 67 5
39 80 7
39 88 9
39 6 1
39 31 8
39 54 2
39 8 5
39 32 9
39 16 10
39 19 7
39 61 8
39 25 4
39 18 4
39 71 9
39 52 6
39 11 3
39 62 4
39 17 3
39 34 9
39 72 9
39 63 2
39 74 2
39 93 8
40 26 5
40 100 7
40 14 6
40 20 3
40 22 8
40 86 7
40 3 8
40 81 6
40 92 5
40 59 7
40 56 2
40 50 6
40 69 10
40 97 4
40 24 3
40 1 3
40 79 7
40 10 7
40 9 7
40 51 3
40 49 1
40 73 6
40 67 9
40 99 4
40 42 9
40 30 1
40 21 9
40 12 3
40 78 5
40 27 10
40 4 1
40 29 8
40 8 9
40 16 8
40 61 5
40 18 10
40 47 3
40 71 6
40 52 8
40 60 2
40 11 5
40 62 2
40 17 9
40 34 5
40 39 8
40 72 9
40 43 3
40 70 9
41 26 7
41 58 2
41 13 4
41 14 8
41 96 7
41 22 7
41 2 6
41 90 9
41 81 6
41 92 4
41 84 8
41 82 2
41 59 8
41 33 5
41 69 3
41 89 4
41 94 8
41 1 7
41 7 9
41 44 2
41 5 1
41 79 3
41 10 5
41 9 8
41 95 8
41 49 10
41 73 5
41 66 2
41 80 5
41 40 5
41 88 1
41 21 1
41 12 2
41 29 7
41 54 8
41 16 3
41 19 10
41 61 1
41 25 6
41 71 9
41 52 7
41 60 10
41 15 10
41 45 6
41 35 7
41 72 5
41 74 4
41 43 1
41 93 10
42 58 8
42 91 1
42 20 1
42 22 10
42 48 1
42 2 10
42 86 3
42 90 6
42 92 2
42 82 7
42 33 5
42 57 7
42 85 1
42 94 3
42 97 4
42 77 10
42 5 4
42 79 8
42 98 4
42 46 6
42 9 2
42 65 4
42 68 7
42 41 5
42 73 1
42 28 5
42 67 10
42 40 3
42 88 1
42 12 4
42 6 5
42 83 9
42 54 7
42 8 2
42 32 9
42 19 3
42 61 2
42 47 3
42 71 9
42 76 7
42 60 9
42 45 7
42 17 1
42 63 2
42 75 6
42 93 8
43 26 2
43 100 5
43 58 4
43 13 10
43 14 2
43 96 2
43 20 8
43 48 3
43 86 9
43 3 5
43 84 8
43 59 7
43 56 6
43 69 1
43 57 10
43 89 7
43 94 6
43 97 4
43 77 5
43 44 1
43 98 9
43 46 6
43 9 6
43 68 5
43 49 3
43 73 10
43 53 6
43 80 4
43 40 6
43 88 10
43 30 2
43 12 5
43 78 6
43 6 6
43 83 10
43 29 4
43 8 2
43 19 10
43 61 1
43 47 7
43 71 9
43 52 7
43 76 5
43 60 4
43 45 4
43 23 3
43 11 7
43 62 9
43 17 5
43 72 8
43 74 5
43 75 9
43 93 3
44 100 8
44 14 9
44 36 6
44 96 9
44 22 2
44 48 10
44 2 10
44 81 7
44 92 4
44 84 7
44 82 4
44 55 5
44 59 2
44 33 1
44 57 7
44 94 3
44 24 7
44 1 9
44 77 9
44 7 9
44 5 6
44 10 2
44 9 9
44 41 9
44 73 5
44 28 1
44 53 10
44 80 1
44 37 5
44 42 3
44 88 9
44 21 6
44 31 8
44 83 6
44 54 2
44 8 4
44 32 8
44 16 4
44 19 8
44 25 9
44 18 5
44 47 9
44 71 2
44 52 7
44 60 3
44 15 6
44 74 9
44 93 8
44 70 2
45 100 10
45 36 5
45 96 6
45 91 6
45 20 8
45 2 3
45 86 2
45 81 10
45 92 4
45 84 1
45 64 10
45 59 5
45 33 8
45 89 1
45 97 4
45 1 5
45 5 3
45 79 2
45 65 7
45 28 7
45 99 6
45 30 5
45 21 8
45 12 6
45 6 7
45 27 7
45 4 5
45 29 1
45 54 7
45 8 5
45 61 10
45 47 5
45 71 8
45 76 5
45 15 4
45 35 4
45 11 5
45 39 8
45 74 4
45 43 6
45 93 7
46 26 1
46 100 10
46 96 8
46 20 8
46 22 8
46 38 1
46 2 5
46 84 10
46 64 3
46 82 7
46 59 6
46 33 1
46 50 7
46 69 5
46 87 5
46 94 10
46 97 10
46 1 6
46 7 7
46 5 3
46 95 8
46 65 3
46 68 5
46 41 10
46 73 8
46 28 6
46 67 6
46 80 8
46 40 2
46 88 1
46 12 5
46 6 5
46 31 6
46 4 6
46 83 1
46 29 8
46 54 3
46 8 10
46 32 5
46 19 8
46 71 3
46 52 6
46 45 2
46 11 2
46 62 9
46 17 9
46 34 10
46 72 5
46 63 9
46 70 8
47 26 1
47 58 3
47 14 6
47 36 5
47 91 10
47 22 1
47 86 5
47 3 4
47 90 2
47 64 10
47 56 7
47 69 3
47 87 6
47 44 4
47 79 9
47 95 3
47 65 7
47 41 10
47 49 10
47 66 9
47 67 4
47 80 5
47 99 1
47 40 4
47 88 6
47 21 4
47 12 10
47 78 1
47 27 10
47 83 9
47 29 3
47 18 3
47 52 3
47 35 3
47 17 6
47 74 3
47 43 3
47 75 3
48 100 2
48 58 10
48 14 3
48 91 4
48 20 3
48 22 10
48 38 2
48 2 2
48 86 5
48 90 5
48 81 5
48 84 10
48 55 8
48 33 9
48 57 5
48 97 3
48 77 5
48 44 6
48 79 4
48 98 7
48 10 10
48 95 4
48 65 6
48 51 6
48 68 4
48 73 2
48 66 1
48 67 10
48 53 2
48 80 6
48 37 6
48 40 9
48 12 9
48 31 5
48 4 4
48 83 3
48 29 6
48 54 9
48 8 9
48 32 9
48 16 4
48 61 9
48 25 8
48 18 7
48 47 4
48 71 3
48 52 4
48 76 4
48 60 3
48 15 6
48 35 10
48 23 3
48 63 4
48 74 7
48 93 2
48 70 7
49 26 9
49 58 3
49 91 7
49 20 6
49 22 6
49 38 3
49 2 9
49 3 7
49 90 5
49 92 1
49 84 9
49 64 2
49 55 10
49 56 1
49 69 10
49 87 9
49 57 4
49 85 3
49 94 4
49 97 2
49 24 3
49 77 1
49 7 7
49 44 1
49 5 4
49 98 9
49 46 4
49 65 5
49 51 4
49 73 4
49 67 8
49 53 3
49 80 6
49 99 5
49 37 2
49 42 4
49 30 1
49 21 6
49 78 10
49 6 10
49 31 1
49 4 3
49 29 9
49 16 9
49 19 9
49 61 10
49 25 7
49 47 5
49 71 9
49 52 7
49 23 4
49 17 2
49 72 10
49 63 8
49 75 9
50 26 1
50 100 1
50 13 1
50 14 4
50 36 3
50 91 5
50 20 4
50 48 8
50 3 6
50 90 10
50 84 1
50 33 5
50 56 9
50 87 8
50 94 4
50 97 7
50 7 6
50 5 1
50 79 4
50 10 1
50 9 6
50 95 3
50 65 3
50 73 8
50 28 1
50 67 2
50 42 2
50 88 5
50 30 4
50 12 6
50 78 10
50 6 5
50 27 7
50 31 5
50 83 4
50 29 6
50 8 3
50 32 2
50 25 5
50 18 8
50 47 10
50 71 1
50 52 5
50 60 9
50 15 6
50 45 7
50 23 5
50 11 2
50 17 9
50 34 9
50 72 4
50 75 5
50 93 2
51 100 4
51 36 6
51 96 10
51 22 8
51 38 2
51 3 6
51 81 1
51 92 1
51 64 7
51 82 5
51 55 6
51 33 8
51 50 7
51 97 10
51 24 9
51 5 3
51 79 3
51 46 10
51 9 9
51 95 8
51 65 5
51 68 9
51 49 2
51 73 10
51 28 6
51 66 2
51 67 1
51 80 5
51 88 9
51 30 8
51 12 3
51 27 5
51 83 1
51 16 2
51 19 8
51 61 4
51 25 9
51 71 7
51 52 9
51 60 5
51 35 4
51 23 8
51 11 9
51 62 1
51 17 8
51 34 10
51 72 4
51 63 7
51 74 7
51 70 3
52 26 2
52 100 8
52 58 8
52 14 7
52 36 6
52 2 8
52 86 4
52 3 5
52 92 2
52 64 1
52 82 5
52 33 3
52 50 8
52 87 2
52 94 5
52 24 7
52 1 1
52 7 2
52 79 9
52 98 3
52 46 1
52 10 6
52 41 4
52 73 9
52 28 1
52 66 4
52 53 5
52 80 10
52 40 7
52 88 10
52 30 1
52 21 10
52 12 7
52 78 8
52 31 3
52 83 4
52 16 3
52 19 1
52 18 2
52 71 5
52 76 1
52 35 3
52 23 2
52 11 2
52 62 3
52 17 2
52 39 1
52 63 2
52 93 9
52 70 2
53 26 1
53 58 8
53 36 10
53 91 2
53 38 2
53 48 10
53 3 1
53 90 8
53 64 6
53 55 9
53 33 6
53 87 3
53 57 6
53 89 2
53 85 3
53 97 5
53 24 7
53 1 2
53 77 4
53 7 3
53 44 2
53 79 1
53 98 6
53 46 7
53 10 2
53 9 3
53 51 1
53 41 2
53 28 2
53 67 10
53 37 6
53 42 1
53 40 5
53 88 4
53 30 4
53 21 2
53 12 10
53 78 1
53 6 6
53 4 8
53 83 10
53 29 10
53 8 7
53 16 7
53 19 7
53 61 9
53 25 6
53 47 1
53 76 6
53 60 2
53 35 10
53 23 10
53 17 3
53 34 4
53 72 6
53 63 9
53 75 4
53 93 5
54 26 7
54 58 3
54 13 4
54 96 2
54 20 8
54 48 3
54 2 2
54 86 2
54 64 7
54 59 7
54 33 10
54 56 7
54 50 2
54 69 3
54 87 9
54 89 9
54 85 9
54 1 6
54 7 7
54 98 10
54 46 10
54 9 9
54 68 5
54 41 10
54 49 2
54 73 5
54 53 2
54 40 2
54 12 3
54 6 7
54 31 8
54 4 3
54 29 10
54 8 6
54 32 1
54 25 2
54 18 7
54 52 3
54 60 9
54 15 1
54 45 1
54 35 5
54 11 5
54 34 3
54 39 8
54 63 7
54 74 1
54 43 3
54 93 5
55 36 2
55 96 4
55 22 8
55 38 6
55 48 1
55 86 9
55 3 2
55 90 1
55 81 2
55 59 8
55 69 8
55 87 8
55 57 9
55 85 1
55 97 9
55 24 5
55 7 8
55 44 8
55 98 7
55 95 7
55 65 5
55 68 4
55 28 4
55 30 4
55 21 1
55 12 5
55 78 4
55 6 4
55 27 8
55 31 2
55 4 10
55 8 9
55 19 8
55 61 6
55 18 7
55 47 5
55 71 8
55 76 8
55 60 2
55 45 8
55 17 5
55 63 6
55 74 3
55 43 1
55 75 7
55 70 9
56 26 8
56 58 7
56 13 10
56 20 7
56 22 1
56 48 8
56 3 10
56 81 2
56 84 9
56 82 4
56 55 9
56 33 5
56 69 2
56 87 10
56 97 10
56 24 5
56 77 8
56 7 5
56 44 10
56 79 9
56 46 1
56 95 8
56 65 2
56 73 9
56 66 8
56 67 1
56 42 8
56 40 10
56 21 1
56 12 5
56 27 10
56 31 9
56 4 6
56 83 8
56 29 6
56 54 8
56 16 6
56 52 2
56 76 8
56 15 4
56 11 2
56 62 6
56 63 4
56 93 2
57 26 3
57 58 9
57 14 8
57 36 8
57 91 9
57 20 4
57 38 2
57 48 9
57 3 3
57 90 7
57 84 3
57 64 3
57 82 3
57 59 10
57 33 6
57 56 4
57 50 9
57 69 9
57 87 10
57 97 8
57 44 1
57 5 6
57 9 6
57 95 6
57 65 10
57 51 9
57 49 4
57 28 5
57 99 1
57 42 5
57 30 2
57 12 5
57 78 4
57 6 7
57 27 9
57 31 6
57 32 9
57 61 9
57 47 3
57 45 6
57 17 3
57 34 3
57 39 6
57 43 8
57 70 9
58 26 1
58 13 10
58 14 4
58 36 4
58 96 2
58 91 5
58 20 9
58 22 5
58 48 3
58 3 1
58 81 2
58 92 6
58 84 6
58 82 3
58 59 3
58 33 9
58 56 3
58 57 2
58 89 7
58 85 8
58 94 9
58 97 1
58 1 3
58 44 8
58 79 9
58 10 8
58 95 1
58 51 8
58 41 7
58 49 1
58 66 8
58 80 4
58 99 10
58 37 3
58 42 1
58 88 6
58 21 9
58 78 5
58 6 7
58 27 7
58 4 10
58 16 5
58 47 3
58 71 4
58 52 10
58 76 2
58 60 6
58 15 3
58 45 3
58 35 1
58 23 4
58 11 7
58 62 3
58 17 10
58 39 3
58 63 2
58 75 1
58 70 4
59 26 2
59 100 4
59 13 2
59 14 2
59 91 8
59 48 3
59 3 10
59 82 9
59 33 10
59 87 5
59 89 5
59 85 4
59 94 5
59 77 4
59 7 6
59 44 3
59 46 6
59 10 5
59 95 5
59 65 4
59 51 5
59 49 2
59 73 10
59 66 1
59 67 6
59 53 6
59 99 3
59 42 2
59 88 5
59 30 2
59 78 10
59 27 8
59 31 1
59 4 7
59 83 3
59 29 5
59 19 8
59 25 5
59 18 1
59 71 6
59 76 5
59 15 4
59 45 8
59 35 6
59 23 9
59 11 7
59 17 3
59 39 3
59 72 4
59 43 6
59 75 9
59 93 8
59 70 7
60 26 9
60 58 3
60 91 2
60 38 1
60 2 6
60 3 4
60 90 3
60 81 1
60 84 8
60 82 3
60 55 2
60 89 2
60 85 10
60 94 7
60 97 7
60 77 8
60 7 8
60 5 4
60 98 8
60 46 8
60 95 10
60 68 1
60 28 10
60 67 8
60 53 2
60 37 3
60 42 4
60 40 8
60 21 8
60 12 4
60 78 6
60 6 2
60 27 7
60 29 1
60 54 6
60 8 4
60 32 6
60 19 5
60 61 1
60 25 10
60 18 3
60 47 3
60 76 5
60 45 7
60 23 3
60 11 10
60 34 8
60 72 2
60 63 1
60 43 7
60 75 8
60 93 2
60 70 2
61 100 5
61 20 8
61 38 7
61 2 1
61 86 5
61 3 1
61 81 8
61 92 1
61 82 5
61 59 10
61 33 10
61 56 10
61 69 2
61 87 3
61 97 1
61 1 3
61 7 9
61 44 8
61 5 5
61 79 8
61 9 4
61 51 7
61 68 10
61 41 3
61 49 1
61 73 10
61 66 8
61 80 8
61 37 6
61 78 7
61 6 6
61 27 2
61 31 1
61 29 1
61 76 1
61 60 9
61 35 1
61 17 5
61 74 1
61 75 1
61 70 3
62 100 10
62 58 6
62 13 3
62 14 4
62 20 3
62 22 5
62 38 5
62 90 7
62 81 3
62 84 5
62 82 2
62 55 1
62 50 1
62 69 8
62 57 1
62 89 3
62 85 8
62 97 5
62 1 4
62 7 1
62 79 1
62 46 5
62 65 6
62 51 8
62 68 5
62 67 3
62 80 2
62 99 4
62 30 2
62 6 9
62 27 2
62 83 7
62 54 2
62 32 8
62 19 3
62 61 10
62 25 5
62 47 3
62 76 1
62 11 3
62 17 7
62 34 8
62 39 8
62 72 6
62 63 5
62 74 6
62 43 1
62 75 1
62 93 4
63 26 3
63 100 5
63 58 9
63 13 9
63 14 2
63 22 3
63 38 3
63 48 3
63 82 10
63 55 9
63 57 5
63 89 4
63 94 5
63 1 10
63 77 4
63 7 5
63 44 7
63 98 3
63 46 1
63 9 2
63 68 4
63 73 6
63 67 4
63 53 5
63 37 9
63 21 6
63 12 6
63 78 2
63 4 9
63 83 1
63 54 1
63 18 4
63 71 10
63 45 2
63 35 2
63 23 10
63 62 8
63 34 1
63 39 5
63 72 9
63 74 7
64 100 2
64 13 1
64 14 9
64 36 6
64 91 3
64 20 5
64 22 1
64 2 10
64 86 8
64 3 6
64 90 7
64 81 8
64 84 1
64 55 6
64 59 8
64 56 8
64 50 7
64 87 1
64 24 6
64 44 5
64 5 2
64 79 7
64 98 8
64 46 10
64 95 1
64 65 8
64 51 3
64 73 10
64 66 9
64 67 1
64 80 4
64 37 4
64 42 8
64 30 9
64 21 10
64 12 4
64 78 2
64 27 7
64 31 2
64 4 10
64 83 2
64 54 7
64 8 1
64 16 2
64 61 9
64 25 3
64 18 4
64 76 7
64 60 5
64 15 4
64 35 9
64 11 1
64 17 10
64 34 6
64 72 7
64 63 7
65 13 1
65 14 3
65 36 1
65 48 6
65 86 5
65 3 2
65 55 9
65 33 6
65 56 6
65 69 1
65 85 7
65 94 3
65 24 6
65 1 4
65 77 5
65 7 7
65 5 6
65 46 8
65 95 7
65 51 4
65 41 9
65 49 10
65 73 10
65 66 7
65 67 10
65 53 8
65 99 1
65 21 3
65 12 10
65 31 9
65 4 2
65 29 6
65 32 6
65 16 9
65 19 6
65 18 2
65 76 3
65 15 10
65 23 4
65 62 7
65 17 8
65 39 9
65 72 6
65 63 1
65 74 2
65 43 2
65 70 9
66 26 10
66 100 3
66 14 8
66 96 6
66 91 5
66 22 5
66 38 1
66 48 10
66 2 5
66 86 7
66 90 7
66 81 4
66 92 3
66 82 1
66 55 1
66 33 3
66 50 8
66 69 4
66 87 9
66 57 9
66 89 10
66 85 6
66 94 4
66 77 6
66 7 2
66 5 10
66 46 5
66 95 10
66 51 4
66 68 4
66 73 5
66 67 3
66 99 5
66 40 5
66 88 8
66 30 8
66 21 4
66 6 8
66 83 8
66 29 1
66 16 10
66 19 8
66 18 8
66 52 5
66 45 3
66 35 7
66 11 4
66 62 1
66 34 7
66 39 5
66 72 6
66 43 4
66 70 3
67 26 4
67 100 4
67 58 1
67 96 5
67 91 4
67 20 8
67 48 4
67 86 5
67 3 10
67 92 8
67 84 9
67 64 9
67 55 8
67 59 5
67 50 6
67 87 1
67 57 8
67 89 7
67 85 2
67 94 4
67 97 1
67 7 3
67 10 8
67 95 2
67 51 5
67 68 6
67 41 9
67 37 2
67 88 9
67 30 5
67 12 4
67 78 8
67 31 8
67 83 9
67 16 10
67 19 4
67 18 6
67 62 8
67 39 6
67 72 9
67 63 5
67 43 10
68 26 5
68 58 1
68 13 7
68 36 8
68 96 8
68 22 10
68 2 7
68 3 9
68 64 1
68 55 4
68 59 10
68 33 8
68 56 6
68 50 7
68 57 4
68 85 9
68 1 5
68 77 6
68 5 4
68 9 3
68 65 8
68 49 8
68 66 9
68 67 6
68 53 8
68 99 4
68 37 9
68 40 8
68 88 4
68 21 6
68 31 9
68 83 7
68 16 2
68 19 2
68 61 2
68 25 8
68 18 10
68 47 10
68 52 2
68 76 9
68 15 6
68 62 3
68 17 6
68 34 8
68 43 6
69 100 6
69 36 10
69 91 1
69 20 7
69 48 5
69 2 2
69 86 3
69 90 4
69 81 3
69 92 5
69 64 5
69 55 6
69 33 8
69 50 4
69 87 5
69 89 2
69 85 3
69 97 4
69 24 2
69 77 7
69 7 10
69 5 1
69 79 10
69 10 9
69 9 8
69 66 4
69 53 2
69 42 7
69 40 8
69 88 5
69 30 2
69 21 7
69 12 5
69 78 6
69 6 6
69 31 9
69 4 4
69 16 3
69 19 10
69 61 2
69 18 9
69 47 8
69 76 1
69 60 2
69 15 7
69 45 4
69 23 1
69 72 3
69 63 1
69 74 5
69 75 5
69 93 10
69 70 9
70 26 1
70 100 2
70 96 2
70 91 6
70 20 7
70 22 10
70 38 8
70 48 4
70 86 5
70 90 2
70 81 7
70 92 2
70 82 6
70 59 8
70 33 2
70 56 6
70 50 1
70 69 7
70 87 9
70 57 7
70 89 10
70 94 3
70 1 10
70 7 9
70 79 5
70 98 10
70 95 2
70 65 2
70 51 2
70 68 8
70 41 2
70 49 4
70 73 8
70 28 10
70 53 8
70 99 8
70 42 3
70 40 1
70 88 5
70 21 5
70 12 4
70 27 7
70 31 9
70 29 6
70 19 10
70 25 1
70 47 8
70 71 8
70 76 5
70 15 7
70 45 6
70 62 4
70 34 5
70 63 2
70 74 3
70 43 8
70 75 6
70 93 8
71 26 8
71 100 10
71 58 7
71 13 9
71 14 7
71 96 2
71 91 4
71 20 7
71 22 5
71 2 1
71 86 5
71 3 4
71 90 9
71 81 6
71 92 9
71 84 7
71 55 5
71 33 9
71 50 1
71 69 4
71 87 10
71 57 8
71 89 10
71 94 2
71 24 5
71 1 8
71 7 3
71 95 2
71 68 7
71 41 9
71 49 5
71 28 8
71 67 8
71 80 4
71 37 4
71 30 1
71 21 4
71 31 5
71 83 2
71 29 1
71 16 8
71 19 9
71 61 7
71 25 6
71 18 2
71 52 10
71 76 8
71 15 6
71 45 9
71 23 4
71 11 1
71 39 6
71 72 1
71 63 1
71 43 6
71 75 6
71 93 10
72 26 8
72 100 3
72 14 4
72 36 9
72 22 9
72 38 6
72 48 8
72 2 5
72 86 1
72 90 1
72 81 3
72 92 7
72 84 2
72 82 3
72 56 3
72 69 8
72 57 9
72 89 6
72 94 3
72 97 9
72 24 3
72 1 9
72 77 8
72 7 6
72 79 1
72 98 8
72 46 5
72 9 5
72 51 9
72 68 6
72 49 8
72 66 3
72 67 4
72 53 9
72 99 3
72 37 7
72 42 10
72 88 1
72 21 8
72 12 4
72 4 2
72 83 7
72 8 5
72 32 5
72 18 7
72 47 4
72 71 2
72 60 9
72 23 10
72 17 1
72 34 10
72 63 6
72 43 9
72 93 1
72 70 2
73 26 5
73 13 4
73 91 2
73 20 2
73 2 7
73 86 9
73 3 1
73 90 4
73 64 1
73 59 10
73 33 8
73 56 6
73 50 4
73 69 4
73 57 5
73 89 6
73 94 5
73 97 4
73 1 7
73 77 10
73 44 9
73 98 3
73 95 4
73 65 5
73 51 7
73 41 10
73 49 7
73 28 5
73 67 10
73 53 6
73 80 3
73 30 3
73 78 3
73 6 6
73 31 7
73 4 3
73 83 5
73 29 5
73 16 3
73 61 5
73 25 6
73 71 4
73 52 4
73 60 7
73 15 2
73 35 10
73 23 4
73 34 3
73 39 7
73 72 7
73 43 5
73 75 3
73 93 10
73 70 7
74 26 7
74 100 8
74 58 10
74 13 1
74 14 7
74 36 8
74 96 7
74 91 3
74 48 2
74 82 4
74 55 10
74 59 10
74 33 9
74 50 1
74 69 7
74 85 6
74 1 7
74 7 8
74 79 8
74 46 8
74 95 9
74 65 6
74 51 7
74 68 8
74 41 10
74 67 6
74 53 7
74 80 5
74 99 7
74 42 5
74 40 3
74 88 10
74 21 10
74 12 10
74 78 7
74 6 10
74 4 1
74 83 5
74 54 2
74 8 5
74 19 2
74 60 6
74 45 5
74 35 2
74 62 8
74 17 7
74 34 9
74 43 6
75 26 4
75 100 8
75 14 3
75 36 9
75 96 3
75 91 1
75 20 1
75 22 10
75 86 1
75 3 10
75 92 9
75 84 1
75 59 9
75 33 9
75 56 9
75 87 6
75 57 10
75 94 4
75 1 10
75 7 10
75 10 7
75 65 10
75 51 6
75 73 3
75 67 8
75 53 8
75 80 8
75 37 1
75 42 10
75 88 8
75 30 2
75 21 4
75 12 3
75 78 8
75 6 4
75 31 5
75 29 7
75 8 3
75 32 5
75 19 7
75 61 4
75 18 9
75 47 2
75 71 2
75 52 4
75 76 8
75 60 3
75 45 2
75 35 3
75 23 3
75 11 8
75 62 5
75 17 10
75 72 2
75 74 6
75 43 2
75 93 9
75 70 6
76 100 6
76 58 8
76 13 2
76 14 2
76 36 10
76 20 9
76 3 9
76 81 2
76 92 6
76 84 1
76 82 7
76 59 6
76 56 9
76 50 5
76 69 4
76 87 7
76 57 6
76 89 2
76 85 9
76 97 7
76 24 4
76 1 8
76 77 7
76 7 6
76 44 1
76 5 2
76 79 2
76 98 10
76 95 6
76 65 9
76 49 7
76 66 2
76 53 9
76 80 10
76 37 7
76 42 6
76 40 2
76 88 7
76 83 5
76 32 6
76 16 3
76 19 8
76 25 8
76 18 7
76 52 1
76 45 9
76 35 8
76 11 1
76 62 4
76 17 8
76 34 5
76 75 9
76 93 6
77 26 7
77 100 10
77 13 6
77 36 10
77 96 5
77 91 1
77 20 5
77 22 9
77 2 7
77 86 7
77 3 4
77 81 9
77 92 8
77 59 4
77 50 1
77 69 3
77 87 8
77 57 9
77 89 3
77 97 10
77 24 9
77 44 7
77 5 2
77 46 7
77 65 9
77 41 4
77 73 10
77 28 9
77 66 1
77 53 2
77 80 9
77 99 10
77 37 6
77 88 1
77 30 1
77 21 10
77 78 1
77 6 6
77 27 4
77 31 1
77 83 8
77 29 7
77 54 1
77 32 1
77 19 1
77 25 8
77 47 8
77 52 2
77 60 5
77 15 7
77 11 1
77 62 5
77 39 6
77 63 1
77 93 7
78 100 1
78 14 9
78 36 2
78 96 7
78 20 2
78 48 10
78 86 1
78 3 7
78 33 8
78 50 1
78 57 5
78 94 5
78 97 6
78 1 3
78 7 4
78 44 10
78 5 9
78 79 5
78 98 7
78 46 7
78 95 7
78 65 3
78 68 2
78 41 5
78 49 1
78 73 3
78 28 10
78 53 7
78 99 9
78 37 4
78 42 2
78 40 2
78 88 7
78 12 5
78 6 4
78 27 7
78 31 8
78 83 10
78 54 7
78 32 1
78 19 1
78 61 3
78 25 9
78 18 9
78 47 5
78 71 3
78 35 10
78 23 5
78 72 10
78 43 1
78 75 4
78 70 3
79 26 2
79 100 2
79 13 6
79 36 8
79 96 2
79 22 1
79 38 7
79 86 10
79 90 2
79 92 10
79 64 9
79 82 9
79 55 6
79 59 10
79 33 5
79 56 1
79 50 5
79 85 4
79 94 2
79 77 6
79 5 6
79 46 4
79 51 1
79 49 8
79 73 4
79 28 2
79 66 4
79 67 10
79 53 7
79 80 7
79 42 8
79 40 1
79 88 4
79 12 8
79 78 8
79 31 4
79 54 7
79 19 2
79 61 8
79 18 3
79 47 5
79 52 4
79 60 2
79 15 6
79 35 5
79 62 5
79 39 8
79 72 2
79 63 1
79 93 8
80 58 7
80 13 9
80 36 10
80 96 1
80 22 1
80 48 9
80 2 6
80 86 10
80 3 3
80 90 5
80 81 9
80 92 4
80 84 3
80 64 5
80 82 6
80 59 10
80 33 2
80 56 2
80 87 3
80 57 6
80 94 7
80 97 9
80 1 10
80 7 6
80 44 1
80 5 2
80 10 8
80 9 5
80 95 7
80 51 2
80 49 7
80 73 8
80 66 3
80 53 6
80 99 9
80 42 6
80 40 10
80 30 9
80 21 3
80 12 8
80 6 7
80 27 6
80 4 9
80 8 3
80 32 6
80 16 2
80 18 7
80 71 9
80 76 5
80 45 6
80 11 5
80 62 10
80 34 3
80 39 7
80 63 9
80 74 9
80 43 6
80 93 8
81 26 4
81 100 5
81 58 6
81 13 3
81 14 2
81 36 6
81 96 6
81 20 8
81 86 1
81 3 7
81 92 6
81 84 6
81 82 7
81 33 1
81 56 1
81 87 4
81 57 7
81 89 10
81 97 3
81 24 2
81 1 10
81 79 9
81 10 5
81 9 3
81 65 8
81 68 1
81 28 1
81 67 5
81 99 5
81 42 7
81 40 5
81 88 3
81 30 3
81 27 6
81 4 10
81 83 10
81 29 4
81 16 3
81 18 5
81 47 2
81 71 6
81 76 4
81 15 5
81 23 2
81 39 1
81 63 9
81 74 5
81 75 3
81 93 8
82 100 8
82 58 5
82 13 2
82 91 3
82 2 5
82 86 2
82 3 2
82 90 3
82 92 2
82 64 3
82 50 10
82 69 5
82 87 3
82 89 8
82 85 2
82 97 4
82 1 2
82 44 5
82 5 10
82 10 9
82 9 3
82 95 2
82 68 2
82 41 7
82 49 2
82 66 5
82 80 7
82 42 3
82 88 7
82 21 8
82 78 2
82 6 4
82 16 1
82 52 6
82 76 2
82 60 2
82 45 7
82 35 9
82 62 8
82 34 1
82 39 2
82 63 7
82 75 9
83 100 3
83 58 8
83 13 6
83 14 4
83 96 6
83 91 5
83 38 7
83 2 1
83 81 1
83 92 2
83 84 7
83 64 8
83 82 4
83 55 4
83 59 5
83 33 3
83 69 8
83 87 6
83 85 6
83 94 4
83 24 3
83 1 4
83 77 3
83 7 3
83 44 6
83 5 9
83 79 10
83 46 5
83 10 5
83 9 10
83 51 1
83 68 2
83 28 8
83 37 2
83 88 2
83 30 7
83 21 6
83 27 1
83 31 5
83 54 3
83 16 10
83 19 6
83 61 8
83 18 8
83 76 8
83 45 4
83 11 5
83 34 8
83 72 2
83 74 4
83 43 4
83 75 4
83 93 6
84 26 2
84 100 5
84 58 9
84 96 7
84 91 4
84 20 5
84 2 9
84 86 1
84 81 9
84 92 1
84 64 8
84 82 7
84 59 7
84 56 8
84 50 5
84 69 3
84 57 5
84 89 7
84 7 10
84 44 4
84 5 8
84 98 10
84 46 1
84 10 1
84 95 3
84 41 7
84 49 2
84 67 4
84 53 10
84 99 7
84 37 6
84 12 2
84 78 5
84 54 1
84 32 6
84 19 2
84 25 2
84 47 6
84 52 1
84 60 8
84 15 10
84 45 8
84 35 7
84 23 6
84 62 5
84 17 3
84 34 4
84 39 6
84 72 10
84 63 1
84 75 8
84 70 9
85 14 3
85 96 4
85 22 6
85 48 9
85 86 5
85 81 3
85 92 6
85 84 3
85 64 10
85 82 2
85 59 10
85 33 8
85 87 9
85 57 6
85 24 9
85 1 8
85 44 8
85 79 9
85 98 1
85 9 9
85 65 3
85 41 3
85 73 2
85 28 4
85 66 9
85 53 2
85 80 1
85 40 5
85 30 1
85 27 3
85 31 6
85 83 1
85 54 7
85 8 5
85 25 10
85 47 6
85 71 6
85 60 9
85 15 9
85 45 6
85 35 9
85 34 9
85 39 9
85 72 2
85 75 2
85 93 1
86 58 3
86 96 7
86 91 2
86 20 3
86 81 1
86 64 5
86 55 3
86 59 2
86 33 8
86 50 8
86 87 6
86 57 8
86 85 4
86 94 1
86 97 5
86 77 6
86 7 9
86 44 2
86 79 6
86 46 10
86 10 9
86 9 10
86 65 7
86 51 9
86 68 9
86 49 8
86 73 7
86 28 1
86 67 7
86 53 1
86 80 7
86 40 2
86 21 5
86 27 2
86 31 10
86 8 4
86 32 1
86 16 9
86 19 10
86 47 1
86 71 6
86 76 1
86 60 3
86 45 6
86 23 4
86 11 3
86 62 9
86 34 10
86 39 1
86 72 6
86 63 9
86 74 6
86 43 2
86 93 6
86 70 5
87 13 1
87 36 6
87 91 3
87 22 8
87 38 9
87 86 5
87 3 8
87 81 3
87 84 5
87 64 7
87 59 8
87 69 9
87 57 8
87 89 3
87 85 7
87 77 6
87 7 2
87 98 1
87 46 9
87 65 1
87 51 1
87 49 2
87 73 3
87 80 7
87 37 6
87 40 5
87 88 8
87 30 4
87 21 9
87 78 5
87 27 8
87 31 9
87 4 8
87 83 6
87 29 2
87 32 9
87 19 7
87 25 10
87 18 7
87 52 3
87 15 9
87 23 9
87 11 10
87 34 5
87 39 5
87 72 2
87 63 3
87 74 10
87 93 6
88 13 3
88 14 8
88 36 5
88 91 7
88 38 9
88 48 6
88 2 3
88 86 4
88 90 8
88 81 4
88 33 9
88 56 3
88 87 5
88 97 10
88 24 6
88 1 7
88 77 2
88 7 4
88 44 5
88 98 9
88 46 7
88 10 3
88 95 7
88 65 6
88 51 5
88 68 7
88 41 7
88 73 9
88 28 3
88 66 8
88 53 6
88 37 1
88 40 2
88 21 3
88 78 9
88 6 1
88 31 5
88 83 5
88 8 9
88 16 3
88 19 8
88 52 7
88 76 4
88 60 3
88 35 7
88 23 10
88 11 3
88 62 2
88 34 9
88 63 7
88 43 2
88 75 9
88 93 10
89 58 2
89 13 6
89 14 4
89 91 2
89 22 9
89 38 6
89 48 1
89 2 7
89 86 5
89 3 3
89 81 4
89 92 5
89 84 4
89 64 7
89 82 2
89 56 3
89 50 6
89 69 5
89 87 6
89 94 3
89 97 10
89 1 10
89 77 6
89 7 10
89 44 3
89 5 5
89 98 2
89 46 7
89 10 10
89 9 10
89 65 8
89 51 1
89 68 8
89 49 4
89 73 10
89 28 6
89 66 1
89 67 7
89 53 10
89 80 4
89 42 5
89 30 7
89 78 3
89 6 5
89 4 3
89 54 9
89 16 6
89 47 2
89 11 9
89 17 9
89 34 4
89 74 5
89 43 3
89 93 5
89 70 6
90 26 10
90 96 5
90 91 2
90 22 7
90 38 3
90 48 8
90 2 7
90 86 1
90 81 2
90 92 9
90 84 8
90 59 3
90 33 6
90 56 1
90 50 4
90 69 2
90 57 7
90 85 6
90 24 1
90 77 8
90 79 6
90 98 8
90 10 9
90 49 1
90 73 8
90 28 7
90 40 1
90 88 4
90 21 8
90 6 4
90 27 7
90 31 9
90 4 7
90 83 8
90 8 2
90 19 5
90 18 9
90 47 6
90 52 7
90 45 5
90 35 5
90 11 10
90 62 3
90 39 8
90 72 7
90 43 1
90 75 1
90 93 5
90 70 9
91 26 5
91 100 9
91 13 9
91 96 1
91 20 6
91 48 10
91 86 5
91 81 2
91 84 9
91 64 2
91 82 3
91 55 1
91 56 8
91 69 5
91 57 8
91 94 8
91 97 2
91 24 4
91 77 1
91 7 10
91 44 3
91 5 2
91 79 10
91 98 4
91 10 9
91 68 1
91 41 2
91 53 9
91 37 8
91 42 4
91 78 8
91 4 4
91 54 5
91 8 3
91 16 1
91 19 10
91 61 9
91 18 5
91 71 10
91 52 7
91 60 1
91 15 2
91 39 9
91 63 5
91 74 6
91 43 4
91 75 8
91 93 8
91 70 5
92 26 6
92 100 2
92 58 7
92 13 6
92 91 1
92 22 5
92 38 6
92 2 2
92 86 3
92 3 8
92 84 8
92 64 1
92 55 10
92 59 10
92 33 5
92 69 6
92 57 8
92 85 2
92 97 3
92 24 7
92 1 5
92 7 1
92 79 10
92 46 1
92 95 5
92 65 6
92 68 8
92 41 1
92 49 5
92 28 9
92 66 2
92 80 9
92 99 1
92 42 5
92 40 2
92 30 1
92 21 8
92 12 8
92 31 4
92 83 3
92 29 4
92 54 1
92 8 1
92 16 10
92 19 4
92 61 9
92 71 9
92 52 1
92 76 7
92 15 5
92 35 2
92 23 9
92 34 6
92 72 9
92 63 10
92 74 8
92 43 9
92 75 9
92 93 2
92 70 6
93 26 6
93 58 6
93 13 3
93 14 6
93 38 1
93 86 1
93 3 2
93 81 6
93 84 4
93 64 8
93 55 6
93 56 1
93 69 4
93 89 1
93 94 7
93 7 6
93 44 8
93 98 8
93 46 1
93 10 8
93 9 1
93 95 8
93 68 7
93 49 7
93 67 1
93 99 10
93 37 7
93 42 10
93 40 8
93 12 6
93 78 8
93 6 8
93 83 9
93 29 3
93 54 6
93 8 10
93 16 9
93 19 6
93 61 5
93 47 8
93 60 7
93 45 2
93 23 1
93 39 4
93 63 4
93 74 10
93 70 8
94 100 10
94 13 3
94 14 3
94 96 3
94 2 2
94 86 6
94 90 9
94 81 1
94 92 4
94 84 6
94 82 2
94 55 1
94 59 9
94 33 8
94 50 3
94 87 5
94 57 4
94 89 3
94 85 9
94 97 6
94 24 2
94 7 3
94 79 5
94 46 2
94 10 4
94 51 4
94 41 6
94 73 1
94 66 9
94 53 3
94 80 4
94 37 9
94 42 1
94 40 6
94 12 5
94 29 6
94 32 4
94 16 2
94 61 5
94 25 6
94 60 6
94 15 10
94 45 8
94 62 4
94 34 5
94 63 3
94 74 3
94 43 10
94 75 10
94 70 5
95 100 5
95 13 4
95 14 3
95 36 4
95 96 2
95 20 5
95 22 10
95 38 4
95 48 1
95 2 3
95 86 7
95 3 3
95 84 4
95 59 3
95 56 1
95 50 6
95 69 4
95 89 8
95 7 9
95 44 6
95 79 1
95 51 7
95 68 3
95 41 5
95 49 4
95 73 5
95 28 3
95 67 9
95 53 3
95 80 4
95 99 5
95 37 3
95 88 4
95 30 3
95 21 8
95 12 5
95 4 1
95 29 5
95 8 1
95 61 4
95 25 9
95 18 2
95 47 7
95 71 9
95 52 1
95 76 7
95 15 4
95 35 2
95 23 3
95 62 8
95 34 5
95 72 3
95 74 6
95 93 3
95 70 2
96 26 6
96 58 3
96 13 6
96 91 5
96 20 5
96 22 10
96 2 7
96 81 5
96 84 1
96 64 9
96 82 5
96 59 4
96 50 4
96 69 3
96 57 9
96 89 4
96 85 4
96 94 7
96 24 10
96 77 7
96 7 3
96 98 5
96 65 8
96 68 9
96 49 1
96 67 1
96 99 8
96 37 7
96 12 7
96 78 7
96 6 4
96 27 4
96 83 10
96 54 6
96 8 5
96 32 1
96 19 1
96 25 1
96 71 9
96 15 6
96 45 3
96 35 6
96 23 5
96 11 7
96 62 3
96 17 1
96 34 10
96 72 1
96 74 1
96 43 8
96 93 9
97 58 1
97 14 5
97 20 10
97 38 3
97 48 1
97 2 3
97 86 2
97 90 6
97 64 4
97 55 8
97 59 5
97 87 10
97 85 9
97 94 10
97 1 8
97 44 4
97 5 9
97 98 5
97 10 8
97 95 3
97 65 5
97 51 6
97 49 8
97 28 5
97 67 1
97 53 9
97 40 3
97 88 8
97 78 2
97 6 8
97 27 9
97 31 10
97 8 7
97 32 8
97 19 3
97 18 10
97 76 2
97 15 7
97 45 3
97 23 4
97 62 8
97 17 5
97 72 9
97 74 4
97 43 3
97 93 2
98 58 4
98 13 6
98 22 1
98 38 9
98 48 9
98 90 9
98 84 10
98 82 4
98 55 1
98 33 5
98 50 2
98 89 1
98 85 8
98 94 2
98 97 6
98 24 1
98 1 8
98 44 2
98 5 1
98 79 3
98 10 1
98 9 2
98 95 9
98 51 5
98 49 5
98 80 5
98 37 4
98 12 3
98 78 9
98 27 2
98 83 7
98 29 4
98 16 2
98 25 4
98 18 4
98 47 1
98 71 6
98 52 10
98 15 7
98 23 9
98 62 6
98 39 6
98 70 2
99 100 3
99 13 8
99 14 4
99 96 4
99 20 9
99 48 8
99 2 9
99 86 8
99 3 2
99 81 2
99 92 8
99 64 1
99 59 10
99 33 8
99 87 7
99 57 9
99 89 4
99 85 7
99 97 5
99 7 8
99 44 3
99 5 8
99 98 4
99 10 9
99 9 10
99 95 3
99 51 6
99 41 2
99 66 3
99 67 7
99 53 8
99 80 7
99 37 1
99 42 10
99 21 2
99 12 10
99 27 1
99 4 6
99 83 6
99 54 6
99 16 3
99 19 8
99 61 9
99 25 1
99 47 2
99 60 4
99 15 3
99 45 10
99 35 5
99 62 1
99 39 9
99 72 7
99 74 1
99 75 2
99 70 2
100 58 6
100 36 3
100 96 4
100 20 10
100 22 9
100 86 4
100 3 5
100 90 1
100 81 4
100 92 10
100 82 10
100 59 10
100 33 6
100 56 10
100 69 5
100 57 8
100 89 9
100 44 6
100 5 2
100 46 5
100 10 8
100 95 10
100 41 10
100 53 7
100 99 4
100 40 9
100 88 3
100 30 8
100 21 6
100 78 5
100 6 2
100 32 2
100 19 4
100 18 6
100 52 5
100 60 6
100 15 5
100 35 3
100 62 7
100 17 7
100 34 3
100 39 2
100 63 7
100 74 3
100 93 10
1 2

1 4
2 29
3 24
4 18
6 3
8 3
9 4
10 3
12 40
13 3
14 19
15 4
16 2
17 33
18 4
20 39
21 23
22 3
24 2
26 4
28 27
29 4
30 15
32 14
33 23
34 32
35 4
37 31
38 4
39 29
43 35
44 16
45 4
47 17
48 4
49 4
50 4
51 3
52 14
53 35
54 37
55 2
57 27
58 3
59 3
60 28
61 16
62 16
64 4
65 28
67 3
68 32
69 7
70 10
71 38
72 3
74 3
75 3
77 3
79 38
80 28
81 36
82 18
83 5
84 4
85 24
86 13
87 13
88 4
91 27
92 21
93 2
94 37
95 38
96 16
97 31
98 25
100 28
101 4
102 3
103 3
104 22
105 4
106 21
107 2
108 10
110 32
111 30
112 10
113 26
114 18
115 23
116 4
117 7
118 40
119 2
120 19
121 10
122 30
123 4
124 38
127 4
128 15
129 24
130 16
131 17
132 3
133 21
135 35
137 21
138 38
139 6
140 4
141 20
142 2
143 18
144 12
145 21
146 15
148 3
149 39
150 14
151 13
154 10
155 3
156 40
157 8
158 37
159 2
160 28
161 4
163 34
165 2
166 15
167 4
168 2
169 4
170 2
171 30
172 2
174 27
175 4
176 2
177 6
178 20
179 10
180 3
181 3
182 2
183 3
184 4
186 3
187 16
188 3
189 4
190 25
192 37
193 18
196 3
197 3
198 25
199 13
201 8
202 28
203 22
204 2
206 36
207 5
208 4
209 21
210 4
211 2
212 3
213 3
214 4
215 11
216 36
217 3
218 15
219 36
220 2
221 4
222 32
223 4
225 3
227 28
228 11
230 3
231 4
233 4
234 17
235 3
236 2
237 2
239 2
240 3
241 33
242 16
243 3
244 6
245 10
246 3
247 4
248 4
249 35
250 4
251 4
252 19
253 4
254 2
256 37
257 19
258 2
260 26
261 4
262 13
263 39
264 4
266 2
267 3
268 26
269 32
270 2
271 38
272 4
273 4
274 25
275 3
276 18
277 2
278 32
279 8
280 17
281 3
282 38
283 3
284 2
285 8
286 3
287 8
288 4
290 2
293 3
294 22
295 9
296 35
298 2
300 2
301 17
302 33
303 4
304 5
307 2
310 3
311 4
313 37
314 20
315 13
316 5
317 3
318 4
319 3
321 2
322 2
323 36
324 2
325 28
326 19
327 23
328 3
329 2
330 8
331 2
332 13
334 13
335 29
336 18
337 40
339 10
340 11
341 3
342 17
344 3
345 31
346 24
347 2
348 3
349 5
350 38
351 2
352 2
353 34
355 19
356 19
357 19
358 26
359 8
360 7
361 2
362 16
363 3
364 35
365 16
366 3
367 19
368 29
369 4
371 3
372 16
373 3
374 25
375 2
376 4
377 4
378 3
380 17
381 2
383 4
384 13
385 3
386 26
387 2
388 13
389 4
390 11
391 29
392 37
394 3
395 4
396 2
397 4
398 28
399 2
400 4
401 11
402 12
403 3
404 3
405 13
406 3
407 30
408 35
410 4
411 2
412 3
413 33
414 4
415 5
416 3
417 3
418 3
419 8
420 39
421 4
422 7
423 29
424 4
425 4
426 26
427 4
429 22
430 32
431 4
432 40
433 3
435 2
436 13
437 12
438 2
441 38
442 20
443 4
444 3
445 25
446 33
447 32
448 21
449 4
450 2
451 30
452 2
453 18
455 4
456 3
458 3
459 32
460 33
461 31
462 2
463 32
464 17
465 13
466 38
468 3
470 4
471 4
473 6
474 11
475 36
476 17
477 3
478 2
480 4
481 2
482 20
483 28
484 6
485 23
486 4
487 18
488 4
489 4
490 40
491 4
493 2
495 20
496 6
497 22
498 28
501 22
502 2
503 24
504 25
505 4
506 2
507 5
508 18
510 3
511 23
512 4
513 14
514 18
515 17
516 2
517 4
518 4
519 13
520 2
521 40
522 16
524 3
525 2
527 3
528 31
529 37
530 2
531 4
532 2
533 10
534 3
535 21
537 2
538 20
539 2
540 27
542 4
543 2
544 2
545 8
546 3
547 3
548 15
550 2
551 12
552 3
554 8
555 2
556 4
557 2
558 2
559 6
561 3
562 38
563 35
565 2
566 2
567 30
568 9
569 40
570 4
571 3
572 6
574 24
575 29
577 39
578 4
579 2
580 4
581 3
582 28
584 28
585 3
588 32
589 36
593 2
594 4
595 32
596 7
597 7
598 28
599 35
600 8
601 4
603 4
605 3
606 14
607 34
608 3
609 28
610 4
612 2
613 21
614 8
615 13
616 2
617 24
618 2
619 11
620 3
621 14
622 39
624 32
625 3
626 4
627 11
629 8
630 2
631 27
632 4
633 26
634 32
637 3
638 2
639 18
640 4
641 2
643 3
644 4
645 4
646 3
647 3
648 4
649 11
651 30
652 4
653 17
654 2
655 3
656 28
657 9
658 25
659 3
660 2
661 10
664 3
665 12
668 3
669 18
670 27
671 2
673 31
674 28
675 38
676 33
678 3
680 34
681 19
683 4
684 3
685 5
686 38
687 2
688 4
689 36
690 3
691 4
692 24
693 6
694 12
695 4
697 4
698 4
700 4
701 3
702 9
703 29
704 4
705 21
707 25
708 8
710 2
711 6
713 10
714 8
715 10
716 17
718 4
719 12
720 4
722 2
723 13
724 37
725 3
727 17
728 35
729 9
731 37
732 4
733 4
734 3
735 3
736 20
737 3
738 4
739 2
740 9
741 2
742 10
743 4
744 21
745 4
746 23
747 2
748 7
749 4
750 39
751 4
752 2
753 19
754 2
755 40
756 18
757 2
758 17
759 24
763 2
766 37
767 6
768 32
770 25
771 2
772 18
773 25
776 18
777 2
778 2
779 3
780 4
781 21
782 16
783 2
784 11
785 31
786 35
787 34
788 23
789 36
790 11
791 26
793 3
794 10
795 2
798 11
799 2
800 2
801 3
803 40
804 36
805 15
806 14
807 23
808 35
809 3
811 4
812 2
813 24
814 27
815 2
816 3
819 2
820 2
821 14
822 3
823 40
824 2
825 3
826 18
827 3
828 23
829 13
830 4
831 3
833 4
834 3
835 9
836 7
837 30
838 13
839 4
840 2
841 4
842 11
843 3
844 3
845 2
846 2
847 13
848 31
849 2
850 11
851 3
852 4
854 16
855 4
856 2
858 3
859 16
860 15
863 4
864 3
865 30
867 26
869 39
870 2
872 2
873 4
874 37
876 4
877 27
879 28
880 3
882 17
883 3
884 19
885 4
886 2
887 7
888 2
889 7
890 3
891 28
892 3
893 3
894 37
895 4
896 4
898 3
899 27
900 5
901 34
902 4
903 17
905 3
906 13
907 6
908 13
909 3
910 21
911 3
912 3
913 23
914 4
915 2
916 27
917 24
919 31
921 29
922 4
924 16
926 2
927 38
928 12
929 2
930 3
931 4
932 18
933 14
934 31
935 2
936 4
937 19
938 4
939 3
940 38
941 3
942 4
943 2
945 4
946 4
947 4
948 20
949 17
950 2
951 2
953 4
954 3
955 2
956 34
957 13
958 2
959 2
960 28
962 3
963 2
964 2
965 2
966 40
967 3
968 6
969 3
970 4
971 20
972 16
973 40
974 3
975 2
976 37
977 13
978 4
980 4
981 19
982 2
983 4
984 2
985 3
986 3
987 2
988 37
989 4
990 23
991 18
992 17
993 15
994 39
995 3
996 3
997 2
998 3
999 3
1000 3
1001 31
1003 26
1004 3
1006 30
1007 21
1009 24
1010 4
1011 4
1012 7
1013 8
1014 2
1015 2
1016 25
1017 4
1018 19
1019 32
1020 2
1021 31
1022 4
1024 18
1026 39
1027 2
1029 4
1030 3
1031 3
1032 3
1033 22
1035 33
1036 38
1037 35
1039 31
1040 16
1041 2
1042 12
1043 3
1044 2
1045 2
1046 29
1047 3
1049 25
1051 2
1052 2
1053 14
1054 4
1055 37
1056 32
1057 32
1058 4
1059 4
1060 2
1061 4
1063 11
1064 19
1065 34
1066 33
1067 30
1068 18
1069 19
1070 4
1071 3
1072 3
1073 4
1074 4
1075 28
1076 3
1077 4
1078 2
1079 3
1081 4
1082 37
1083 27
1084 8
1085 15
1086 8
1088 4
1089 3
1090 2
1091 3
1092 4
1093 11
1095 3
1096 38
1097 3
1098 3
1099 36
1100 15
1101 4
1102 40
1103 36
1104 29
1106 4
1107 18
1108 2
1109 3
1110 2
1111 16
1112 4
1113 28
1114 4
1116 21
1117 3
1118 3
1119 6
1120 2
1122 2
1124 17
1126 4
1127 2
1128 21
1129 11
1131 2
1132 3
1133 16
1134 13
1135 9
1136 4
1137 5
1138 25
1139 3
1140 5
1141 33
1142 2
1143 34
1144 3
1146 2
1147 37
1148 4
1149 2
1150 35
1151 24
1152 30
1154 4
1155 4
1156 34
1157 17
1158 4
1159 4
1161 40
1162 3
1163 22
1164 34
1165 2
1166 21
1167 2
1169 4
1171 2
1173 3
1174 29
1175 32
1176 23
1177 2
1178 35
1180 40
1181 35
1182 16
1183 4
1184 6
1185 3
1186 2
1187 9
1189 26
1190 2
1191 35
1194 24
1195 10
1197 4
1199 12
1200 3
1201 18
1204 40
1205 4
1206 4
1207 2
1208 4
1209 2
1210 2
1211 38
1212 39
1213 3
1214 4
1215 3
1216 36
1217 7
1218 3
1219 38
1220 5
1221 2
1222 3
1224 31
1225 2
1226 11
1227 4
1228 40
1229 3
1230 2
1231 27
1232 23
1233 2
1234 2
1236 30
1237 2
1238 8
1239 2
1241 31
1242 16
1243 38
1244 23
1245 2
1246 4
1247 28
1248 3
1249 5
1250 9
1252 40
1255 22
1256 9
1257 25
1258 28
1259 9
1261 38
1262 4
1263 4
1264 11
1266 32
1267 36
1269 12
1270 26
1271 15
1272 2
1273 3
1274 12
1275 2
1276 2
1277 30
1278 9
1279 3
1280 28
1281 16
1282 13
1283 15
1284 19
1285 3
1286 3
1287 2
1288 4
1289 28
1290 2
1291 5
1292 4
1293 3
1294 16
1295 4
1296 12
1297 4
1298 12
1301 3
1302 2
1303 2
1305 4
1306 3
1308 3
1309 11
1312 31
1314 33
1315 2
1316 39
1317 31
1318 2
1319 2
1320 19
1322 26
1323 39
1325 14
1327 2
1328 33
1329 14
1330 39
1331 28
1332 37
1333 4
1334 3
1335 3
1336 16
1337 22
1338 32
1339 3
1340 33
1341 17
1342 35
1343 9
1344 30
1346 35
1347 4
1348 2
1349 4
1350 39
1351 32
1352 3
1353 12
1354 31
1355 2
1356 19
1357 3
1358 6
1359 20
1360 2
1362 3
1363 4
1365 4
1367 23
1369 20
1370 17
1371 17
1372 3
1373 2
1374 3
1375 20
1376 2
1377 2
1378 2
1379 2
1380 4
1381 35
1382 10
1384 15
1385 33
1386 26
1387 28
1388 37
1389 37
1390 32
1391 4
1392 4
1394 2
1395 2
1396 7
1397 25
1399 2
1400 17
1402 39
1403 15
1404 21
1405 33
1406 4
1407 2
1408 2
1409 21
1410 4
1411 20
1412 2
1413 2
1415 6
1417 27
1418 28
1419 30
1420 40
1421 31
1422 22
1425 19
1426 2
1428 4
1429 2
1431 2
1432 2
1433 4
1434 3
1435 3
1436 16
1437 36
1438 35
1439 14
1441 12
1442 18
1446 24
1447 19
1448 22
1449 3
1450 13
1451 15
1453 19
1454 2
1455 2
1456 2
1457 4
1458 13
1459 39
1460 3
1461 2
1462 3
1464 2
1465 6
1466 3
1467 25
1468 36
1469 16
1470 32
1471 20
1472 27
1473 9
1474 4
1475 4
1476 27
1477 6
1478 2
1479 2
1480 2
1481 7
1482 4
1483 8
1484 39
1485 32
1486 40
1487 4
1488 33
1489 4
1490 3
1491 17
1492 3
1493 26
1494 40
1495 25
1496 13
1497 2
1498 36
1499 22
1500 9
1501 14
1502 3
1503 6
1504 10
1505 3
1506 4
1507 27
1508 2
1509 15
1510 24
1511 3
1512 3
1513 18
1514 3
1515 2
1516 12
1518 4
1519 6
1521 2
1522 4
1523 2
1524 11
1525 33
1526 4
1527 2
1530 13
1532 22
1533 2
1534 3
1535 20
1536 21
1537 4
1538 36
1541 2
1542 24
1543 3
1544 2
1546 3
1548 4
1549 32
1550 21
1551 34
1552 32
1553 21
1554 5
1555 11
1557 40
1558 24
1559 8
1560 28
1561 27
1562 2
1563 14
1564 27
1565 31
1566 4
1567 2
1568 2
1569 17
1570 21
1571 13
1572 4
1573 23
1574 3
1575 9
1577 33
1578 2
1579 3
1580 7
1581 4
1582 4
1583 17
1584 18
1585 29
1587 12
1588 28
1589 10
1590 3
1591 13
1592 34
1594 20
1595 4
1596 26
1597 10
1601 21
1602 20
1603 29
1604 2
1605 29
1606 3
1607 32
1608 23
1609 29
1610 2
1611 2
1612 6
1614 3
1615 11
1616 9
1617 3
1618 3
1619 2
1620 3
1621 5
1622 4
1623 4
1624 6
1625 27
1626 4
1627 5
1628 2
1629 7
1630 3
1631 2
1632 4
1633 14
1634 18
1635 2
1637 13
1638 32
1639 3
1641 38
1643 23
1644 29
1645 4
1646 28
1647 2
1648 3
1649 23
1651 2
1653 4
1654 12
1655 4
1657 4
1658 13
1659 4
1660 4
1663 6
1664 9
1666 22
1667 4
1668 34
1669 2
1670 10
1671 3
1672 4
1673 2
1674 4
1675 2
1676 2
1677 2
1678 22
1679 36
1680 21
1682 37
1683 4
1684 4
1685 24
1687 2
1688 4
1689 2
1690 15
1691 4
1692 16
1693 29
1694 22
1695 2
1696 20
1699 4
1700 13
1701 18
1702 2
1703 2
1704 26
1705 3
1706 18
1707 12
1708 6
1709 18
1710 4
1711 9
1712 2
1713 2
1714 2
1715 4
1716 2
1717 3
1718 22
1719 13
1721 3
1722 4
1724 9
1725 4
1726 3
1727 17
1728 19
1729 10
1730 3
1731 4
1732 25
1733 15
1734 23
1735 2
1737 2
1738 14
1739 4
1740 7
1741 29
1742 3
1743 3
1745 4
1746 4
1747 18
1748 8
1749 2
1750 15
1751 4
1752 3
1754 4
1755 23
1756 3
1757 9
1759 3
1760 4
1761 10
1762 11
1763 3
1765 3
1766 26
1767 2
1768 29
1769 4
1770 25
1771 39
1773 4
1774 3
1775 2
1777 23
1778 4
1779 24
1780 2
1781 37
1782 35
1783 4
1784 2
1785 28
1786 3
1787 40
1788 2
1789 14
1790 12
1791 3
1792 15
1795 2
1796 3
1797 2
1798 23
1799 4
1800 29
1801 10
1802 27
1803 13
1805 4
1806 9
1807 3
1808 2
1809 15
1810 22
1811 4
1812 2
1814 33
1815 21
1816 3
1817 40
1818 3
1820 7
1821 36
1822 4
1823 33
1824 2
1825 10
1827 38
1828 2
1829 39
1830 2
1831 2
1832 10
1833 2
1835 25
1836 38
1837 4
1838 8
1839 19
1840 11
1841 28
1842 35
1843 20
1844 3
1846 4
1847 3
1848 5
1849 3
1850 2
1851 2
1852 27
1853 28
1854 3
1855 3
1856 6
1857 3
1858 20
1859 3
1860 32
1861 3
1862 4
1863 32
1864 2
1865 4
1867 6
1868 3
1871 35
1872 3
1873 3
1875 2
1876 23
1878 2
1880 37
1881 2
1882 4
1883 2
1884 4
1885 38
1886 34
1887 32
1888 2
1889 16
1890 39
1892 3
1893 39
1894 4
1895 8
1896 27
1897 3
1899 3
1900 4
1901 24
1902 7
1903 3
1905 8
1906 25
1907 4
1908 34
1909 4
1911 14
1912 2
1913 4
1914 2
1915 4
1916 2
1918 3
1919 17
1921 20
1922 25
1923 3
1924 14
1926 37
1927 19
1928 2
1929 24
1930 28
1931 4
1932 4
1933 4
1934 22
1935 13
1936 4
1937 4
1938 10
1939 2
1940 38
1941 4
1942 4
1943 35
1944 27
1945 4
1948 2
1949 38
1950 2
1951 14
1952 3
1955 3
1956 7
1957 3
1958 4
1959 17
1961 2
1962 2
1963 33
1964 32
1965 2
1966 32
1967 16
1968 2
1969 3
1970 17
1971 31
1972 11
1973 3
1974 4
1975 19
1976 25
1977 18
1978 2
1980 4
1981 3
1982 40
1984 2
1987 6
1988 24
1989 40
1992 18
1993 25
1995 2
1996 3
1997 4
1999 4
2000 2
2001 3
2002 3
2003 3
2004 32
2005 3
2006 7
2007 39
2009 25
2010 12
2011 3
2014 3
2015 4
2016 35
2017 32
2018 37
2019 4
2021 27
2022 2
2023 10
2025 38
2026 2
2029 18
2030 2
2031 40
2032 16
2033 3
2034 4
2035 23
2036 2
2037 4
2038 4
2039 3
2040 3
2041 28
2043 13
2044 36
2045 38
2046 2
2047 4
2048 33
2049 34
2051 4
2052 27
2053 16
2054 30
2055 3
2056 3
2057 3
2058 39
2059 3
2060 12
2061 20
2062 5
2063 29
2064 2
2065 32
2066 2
2067 26
2069 19
2070 3
2071 2
2072 3
2073 22
2075 35
2076 3
2077 4
2078 4
2079 21
2080 19
2081 3
2082 35
2083 8
2084 2
2085 23
2086 27
2087 8
2088 10
2089 3
2092 4
2094 4
2096 2
2097 3
2098 4
2099 36
2100 20
2101 7
2102 3
2103 3
2104 3
2105 4
2106 2
2107 9
2108 4
2109 38
2110 3
2111 3
2112 9
2113 2
2114 2
2115 27
2116 34
2118 2
2119 17
2120 4
2121 4
2122 40
2123 36
2124 21
2125 30
2127 4
2128 5
2130 26
2131 2
2132 3
2133 4
2134 10
2136 4
2137 2
2139 2
2140 3
2141 3
2143 2
2144 12
2145 4
2147 21
2148 3
2149 9
2150 2
2151 3
2152 4
2153 33
2154 26
2155 5
2156 3
2157 3
2158 34
2159 11
2160 27
2161 2
2162 9
2164 2
2165 19
2166 5
2167 2
2168 2
2169 3
2170 31
2171 3
2172 22
2173 2
2174 4
2175 3
2176 2
2177 3
2178 27
2179 15
2181 5
2183 5
2184 3
2185 2
2186 4
2187 13
2188 3
2189 14
2190 7
2191 23
2192 5
2193 3
2194 23
2195 34
2196 4
2197 2
2198 2
2199 4
2200 4
2201 3
2202 3
2203 16
2204 24
2207 6
2209 9
2210 2
2211 16
2212 4
2216 33
2217 4
2218 11
2219 22
2220 35
2223 3
2225 2
2226 4
2227 2
2228 23
2229 13
2230 11
2231 4
2232 15
2234 2
2235 4
2236 11
2237 2
2238 2
2239 3
2240 18
2241 4
2242 28
2244 22
2245 2
2246 33
2247 24
2248 4
2250 34
2251 3
2252 2
2254 7
2255 9
2256 7
2257 4
2258 14
2259 12
2260 9
2261 4
2262 4
2264 31
2265 4
2266 8
2268 15
2269 2
2270 23
2271 4
2272 2
2274 14
2275 3
2276 3
2277 2
2278 22
2280 2
2281 3
2282 4
2283 3
2284 3
2285 4
2286 11
2287 40
2288 2
2289 16
2290 32
2291 29
2292 3
2293 3
2294 36
2295 31
2296 11
2297 28
2299 27
2301 5
2302 40
2303 4
2305 4
2306 15
2307 2
2308 36
2309 3
2310 21
2311 4
2312 3
2314 26
2315 12
2316 22
2317 2
2318 3
2319 3
2320 4
2321 2
2322 40
2323 2
2324 2
2325 3
2326 21
2327 23
2328 36
2329 3
2332 31
2333 2
2334 36
2335 9
2336 2
2337 10
2338 23
2339 3
2340 2
2341 39
2342 39
2344 26
2345 2
2346 4
2347 35
2348 3
2349 2
2350 4
2351 4
2352 21
2353 18
2354 15
2355 37
2357 2
2358 4
2359 11
2361 3
2362 4
2363 40
2364 13
2365 24
2366 19
2367 21
2368 13
2369 37
2371 3
2372 2
2373 3
2374 35
2375 3
2376 4
2377 23
2378 2
2379 18
2380 8
2381 22
2382 3
2383 18
2384 27
2385 3
2386 2
2387 2
2388 4
2389 4
2390 13
2391 3
2392 3
2393 4
2394 3
2395 3
2396 19
2397 4
2399 3
2400 21
2402 26
2403 40
2404 13
2405 4
2406 3
2407 19
2408 6
2409 3
2410 5
2411 16
2412 3
2413 11
2414 4
2415 23
2416 3
2417 2
2418 9
2420 4
2421 19
2422 21
2425 39
2426 36
2427 37
2428 17
2429 4
2430 4
2431 23
2432 18
2434 13
2435 39
2436 15
2437 12
2438 12
2439 4
2440 19
2442 27
2443 13
2444 30
2446 7
2447 2
2449 18
2451 4
2452 4
2454 32
2455 3
2456 22
2457 4
2458 3
2459 4
2460 3
2461 23
2462 6
2463 6
2464 11
2465 38
2466 4
2467 38
2468 2
2469 6
2472 37
2474 8
2475 4
2476 2
2477 8
2478 4
2479 29
2480 4
2481 40
2482 3
2483 8
2484 4
2485 3
2486 2
2488 2
2489 31
2490 6
2491 31
2492 2
2493 24
2494 4
2495 24
2496 3
2497 4
2498 24
2500 36
2501 10
2502 15
2503 3
2504 35
2505 2
2506 3
2507 24
2508 3
2509 33
2510 33
2511 4
2512 2
2513 20
2514 3
2515 22
2516 26
2517 8
2518 3
2519 2
2520 4
2521 23
2522 12
2523 3
2525 2
2526 35
2527 2
2528 4
2529 4
2530 3
2531 25
2534 24
2535 3
2536 3
2537 33
2540 30
2541 28
2542 3
2543 3
2544 7
2545 3
2546 4
2548 2
2549 3
2550 2
2551 30
2552 12
2553 4
2554 2
2555 4
2556 34
2557 4
2558 4
2559 2
2560 4
2561 3
2562 4
2563 3
2564 28
2566 12
2567 16
2568 22
2569 3
2570 4
2571 40
2572 31
2573 2
2576 32
2577 28
2579 40
2580 2
2581 15
2582 22
2583 3
2584 17
2585 8
2586 22
2587 3
2588 4
2589 4
2590 4
2591 13
2592 16
2593 3
2594 3
2595 4
2596 25
2597 31
2598 35
2599 7
2601 8
2602 2
2604 2
2605 23
2606 3
2607 2
2608 31
2609 33
2610 3
2611 4
2612 35
2613 12
2614 14
2615 2
2616 12
2617 33
2618 40
2620 3
2621 4
2622 6
2623 6
2624 40
2625 2
2626 37
2627 2
2628 22
2629 33
2630 36
2631 17
2632 27
2634 2
2635 4
2637 38
2639 2
2640 2
2641 3
2642 8
2643 25
2644 4
2645 19
2647 33
2648 27
2649 2
2650 10
2651 2
2653 3
2654 13
2655 18
2656 14
2657 4
2658 23
2659 2
2660 36
2662 40
2663 40
2664 3
2665 21
2666 4
2668 7
2669 32
2670 4
2671 4
2672 25
2673 4
2675 13
2676 4
2677 4
2678 6
2679 3
2680 39
2681 3
2682 25
2683 4
2684 4
2685 12
2686 3
2687 2
2688 4
2690 2
2691 8
2692 35
2693 11
2694 31
2695 4
2696 26
2697 8
2698 4
2699 37
2700 2
2701 27
2702 39
2703 34
2704 3
2705 40
2706 2
2707 4
2708 19
2709 4
2711 21
2712 3
2713 29
2714 2
2715 2
2716 32
2718 2
2719 4
2720 4
2721 10
2722 23
2724 34
2725 4
2726 3
2727 23
2728 9
2729 3
2731 16
2732 2
2734 32
2735 4
2736 38
2737 4
2738 15
2739 4
2741 34
2742 32
2744 4
2745 21
2746 3
2747 11
2748 5
2749 2
2750 7
2751 2
2754 5
2755 30
2756 2
2757 2
2758 36
2759 33
2760 4
2761 39
2762 21
2763 2
2764 21
2765 2
2766 4
2768 2
2770 12
2771 31
2772 3
2773 24
2775 4
2776 3
2777 2
2778 25
2779 24
2780 11
2781 12
2782 2
2783 4
2784 9
2785 4
2786 25
2787 3
2788 2
2789 29
2790 18
2792 36
2793 27
2794 20
2795 4
2796 2
2797 3
2798 18
2799 3
2800 2
2801 34
2802 24
2805 31
2806 29
2807 30
2808 20
2810 35
2812 4
2813 4
2814 36
2815 15
2816 4
2817 4
2818 2
2819 35
2820 3
2821 25
2822 11
2823 4
2824 9
2827 12
2829 39
2830 18
2831 22
2832 3
2834 2
2835 2
2836 3
2837 8
2838 2
2839 4
2840 7
2842 4
2843 27
2844 7
2845 23
2846 26
2847 4
2848 38
2849 4
2851 2
2852 22
2853 7
2855 2
2856 2
2857 4
2858 3
2859 21
2860 32
2861 3
2862 6
2864 8
2865 24
2866 3
2867 13
2868 11
2869 19
2870 29
2872 30
2873 3
2874 35
2875 23
2876 31
2877 11
2878 26
2879 31
2880 4
2881 8
2882 38
2883 39
2884 3
2885 3
2888 2
2891 3
2892 4
2893 3
2894 4
2895 25
2897 31
2898 4
2899 4
2901 7
2902 28
2903 40
2904 10
2905 23
2906 10
2907 20
2908 39
2909 25
2910 14
2911 24
2913 3
2914 2
2916 4
2917 7
2918 3
2919 21
2920 26
2921 4
2922 2
2924 24
2925 13
2926 4
2927 3
2928 3
2929 2
2932 17
2933 28
2934 39
2935 5
2936 3
2937 2
2938 31
2939 8
2940 31
2941 4
2942 3
2943 4
2945 2
2946 10
2947 25
2948 39
2949 2
2950 26
2952 3
2953 2
2954 3
2955 2
2956 25
2957 2
2958 2
2960 5
2961 2
2962 13
2963 3
2964 3
2965 2
2967 22
2968 16
2969 7
2971 35
2972 16
2973 4
2975 4
2976 17
2978 22
2979 2
2980 36
2981 3
2982 4
2983 7
2985 2
2986 3
2988 3
2989 31
2990 5
2991 3
2992 4
2993 22
2994 4
2995 24
2996 26
2997 21
2998 19
2999 2
3000 18
3001 2
3002 4
3004 3
3005 35
3006 15
3007 35
3008 9
3009 2
3011 17
3012 33
3014 4
3015 13
3016 13
3017 35
3019 3
3020 3
3021 4
3022 2
3023 2
3024 4
3025 20
3027 8
3029 4
3030 3
3031 3
3032 33
3033 4
3034 2
3035 25
3036 4
3037 3
3038 4
3040 14
3041 3
3042 3
3043 9
3044 3
3045 19
3046 2
3047 23
3048 2
3049 3
3050 3
3051 2
3052 3
3055 26
3056 4
3057 4
3058 20
3059 39
3060 13
3061 12
3062 10
3063 30
3065 2
3066 2
3067 4
3068 32
3069 13
3070 29
3071 6
3072 7
3073 2
3074 4
3075 4
3076 12
3077 20
3078 4
3080 4
3081 4
3082 3
3083 3
3084 2
3085 37
3086 39
3087 4
3088 3
3089 4
3090 4
3091 2
3092 3
3093 4
3094 4
3096 3
3097 34
3098 10
3099 21
3100 19
3101 12
3103 13
3104 3
3105 20
3106 25
3107 3
3108 11
3109 31
3110 2
3111 37
3112 2
3113 15
3114 4
3116 3
3117 2
3119 8
3120 4
3121 4
3123 2
3124 3
3125 17
3126 3
3128 2
3129 29
3130 23
3131 7
3132 2
3134 2
3135 8
3136 32
3137 21
3138 2
3139 3
3140 35
3141 35
3142 3
3143 10
3144 5
3145 17
3146 6
3147 28
3149 4
3150 34
3151 3
3153 3
3155 4
3156 4
3157 3
3158 3
3159 3
3160 26
3161 14
3162 18
3164 4
3165 39
3166 4
3167 15
3169 4
3170 4
3171 2
3172 2
3173 9
3174 12
3177 3
3178 13
3179 2
3180 3
3181 10
3182 2
3183 4
3184 23
3185 2
3187 2
3188 19
3189 4
3190 2
3191 25
3192 3
3193 36
3194 20
3195 4
3196 2
3198 9
3199 2
3200 19
3201 17
3202 29
3203 9
3204 3
3206 4
3207 14
3208 2
3209 13
3211 37
3213 2
3214 8
3215 2
3216 14
3218 10
3219 4
3220 4
3221 3
3222 33
3223 3
3224 18
3225 8
3226 3
3228 8
3229 9
3230 15
3231 22
3232 2
3233 2
3234 38
3235 39
3236 2
3237 18
3238 16
3239 38
3240 2
3241 24
3242 3
3243 3
3244 21
3245 22
3246 2
3247 17
3248 3
3250 35
3251 36
3252 4
3254 13
3255 32
3256 9
3257 17
3258 4
3259 4
3260 23
3261 3
3262 15
3263 16
3265 3
3266 14
3267 12
3268 7
3269 37
3270 14
3271 2
3272 2
3273 3
3274 2
3275 22
3276 12
3279 3
3280 24
3281 4
3282 4
3283 17
3284 4
3285 7
3286 4
3287 21
3288 4
3289 3
3290 17
3291 3
3293 18
3295 29
3296 26
3297 8
3299 24
3300 2
3301 2
3302 2
3303 4
3304 4
3305 22
3307 3
3308 35
3310 40
3311 2
3312 28
3313 4
3314 8
3315 2
3316 3
3317 24
3318 3
3319 30
3320 21
3321 21
3322 13
3324 31
3326 2
3327 4
3328 3
3329 3
3330 3
3331 37
3332 13
3333 4
3335 3
3336 6
3337 33
3338 33
3341 3
3342 2
3343 17
3344 29
3345 18
3346 4
3347 4
3348 11
3349 35
3350 3
3351 2
3352 33
3353 3
3354 2
3355 2
3356 15
3358 7
3359 25
3360 2
3361 12
3362 4
3363 9
3364 17
3365 39
3366 3
3368 18
3369 11
3370 7
3371 23
3373 33
3374 24
3375 19
3376 2
3377 5
3378 4
3379 2
3380 27
3381 4
3382 26
3384 3
3385 15
3386 2
3388 4
3389 4
3390 2
3391 3
3392 19
3393 2
3394 23
3395 36
3396 3
3397 2
3398 3
3399 3
3400 17
3401 9
3402 36
3403 2
3404 22
3405 4
3406 8
3407 2
3408 28
3409 23
3410 4
3411 3
3412 2
3413 38
3414 27
3415 22
3416 9
3417 5
3418 2
3419 37
3421 3
3422 7
3423 3
3425 38
3426 24
3427 31
3428 26
3429 4
3432 14
3434 32
3435 12
3436 17
3437 16
3438 4
3439 26
3440 2
3441 5
3442 25
3443 12
3444 2
3445 37
3446 2
3448 4
3449 8
3450 25
3451 4
3452 29
3454 23
3455 28
3456 32
3457 8
3459 26
3461 4
3462 40
3464 3
3465 24
3466 18
3468 2
3469 2
3470 32
3471 23
3474 3
3475 38
3476 31
3478 2
3479 8
3480 3
3481 3
3482 3
3483 24
3485 34
3486 18
3487 3
3488 4
3489 7
3490 2
3491 28
3492 3
3493 30
3494 3
3495 2
3496 13
3497 2
3498 2
3499 39
3500 31
3501 5
3502 16
3503 31
3506 13
3507 9
3508 2
3509 2
3511 6
3512 3
3513 31
3514 3
3515 21
3516 36
3517 3
3518 4
3519 3
3520 8
3521 4
3522 2
3524 3
3525 6
3526 27
3527 38
3528 4
3529 21
3530 4
3532 3
3533 2
3535 19
3536 10
3537 4
3538 4
3539 2
3540 13
3541 2
3543 4
3544 2
3545 27
3546 21
3547 34
3548 2
3549 2
3550 31
3551 7
3552 3
3553 39
3554 5
3556 29
3557 7
3558 8
3560 2
3562 3
3563 4
3564 32
3566 39
3567 35
3568 35
3569 9
3570 36
3571 4
3572 17
3573 21
3574 3
3575 3
3576 3
3577 2
3578 22
3579 3
3580 3
3581 2
3582 2
3583 20
3584 26
3585 39
3586 39
3587 33
3588 37
3589 26
3590 3
3591 17
3592 3
3593 8
3594 4
3595 40
3596 29
3599 4
3600 9
3601 4
3602 5
3603 4
3604 37
3605 13
3606 28
3607 2
3608 4
3609 4
3610 6
3611 18
3612 11
3613 30
3614 22
3615 37
3616 34
3617 4
3618 4
3619 4
3622 27
3623 36
3624 33
3625 3
3626 24
3627 16
3628 3
3629 4
3630 34
3631 37
3632 2
3633 12
3634 4
3636 3
3637 14
3638 2
3639 4
3640 21
3641 17
3642 2
3643 38
3645 16
3646 22
3647 2
3649 2
3650 2
3651 11
3652 39
3653 3
3654 2
3655 27
3656 3
3658 3
3659 31
3661 2
3662 15
3663 24
3665 27
3666 19
3667 2
3668 4
3670 23
3671 21
3672 40
3673 3
3675 33
3676 40
3677 29
3678 40
3679 3
3680 8
3681 2
3682 21
3683 4
3684 25
3687 3
3690 4
3691 15
3692 4
3693 4
3694 14
3695 6
3696 6
3697 4
3698 3
3699 2
3700 2
3701 3
3702 2
3703 2
3704 16
3706 14
3708 8
3709 27
3710 4
3711 3
3712 3
3713 15
3714 3
3715 4
3717 4
3718 2
3719 35
3720 3
3721 2
3722 9
3723 37
3724 25
3725 36
3726 24
3727 2
3728 2
3730 12
3731 30
3732 30
3733 3
3734 3
3735 3
3736 5
3737 18
3739 4
3741 11
3742 12
3743 2
3744 9
3746 5
3749 3
3750 3
3751 4
3753 7
3754 3
3755 11
3756 3
3759 22
3760 19
3762 23
3763 29
3764 5
3765 28
3766 27
3768 5
3770 4
3771 3
3772 4
3773 28
3774 7
3775 34
3776 4
3777 37
3778 6
3779 9
3781 15
3782 4
3783 34
3784 3
3785 4
3786 4
3787 2
3788 27
3789 7
3791 15
3792 3
3794 3
3795 28
3796 38
3797 4
3798 3
3799 11
3800 3
3801 39
3803 2
3804 26
3805 39
3806 27
3808 27
3809 29
3810 23
3811 2
3812 4
3813 3
3814 4
3816 4
3817 3
3818 7
3819 31
3820 2
3821 11
3822 23
3823 3
3824 10
3825 14
3826 31
3827 2
3828 30
3829 9
3830 39
3831 38
3832 3
3833 13
3834 40
3835 4
3836 21
3837 2
3838 27
3839 2
3840 4
3841 34
3842 38
3843 2
3845 3
3846 7
3847 23
3849 2
3850 4
3851 4
3852 23
3853 40
3854 35
3855 28
3856 3
3857 6
3858 14
3859 2
3862 3
3863 20
3864 28
3865 4
3867 4
3868 39
3869 18
3871 18
3873 13
3874 2
3875 4
3876 27
3877 23
3878 31
3879 4
3880 4
3881 26
3883 4
3885 2
3886 4
3887 3
3888 12
3889 2
3890 27
3891 22
3894 4
3895 2
3896 32
3897 36
3898 3
3899 5
3900 11
3901 2
3902 4
3903 19
3904 4
3906 32
3907 34
3909 18
3910 3
3911 4
3912 19
3914 15
3916 2
3917 40
3919 4
3920 3
3921 38
3922 14
3923 4
3924 29
3925 29
3926 4
3927 4
3929 4
3930 34
3931 29
3932 14
3933 3
3934 4
3935 3
3936 9
3937 3
3938 2
3939 31
3941 2
3942 4
3943 35
3944 2
3945 4
3946 37
3947 33
3948 18
3949 2
3951 4
3952 3
3953 31
3954 8
3955 16
3956 4
3957 3
3958 2
3959 37
3960 37
3961 3
3962 19
3963 2
3965 4
3966 2
3967 3
3968 4
3969 31
3970 12
3971 4
3972 16
3973 2
3974 3
3975 13
3976 3
3977 2
3978 2
3979 29
3980 3
3981 3
3982 2
3984 2
3985 2
3986 3
3988 12
3989 4
3990 2
3991 17
3992 4
3993 3
3994 2
3995 37
3996 3
3997 20
3998 7
3999 23
4000 3
4001 3
4002 2
4003 8
4004 3
4005 6
4006 8
4007 36
4008 28
4009 31
4010 4
4011 8
4012 28
4013 12
4014 2
4015 12
4016 4
4017 10
4019 33
4020 25
4021 2
4022 3
4023 10
4024 3
4025 4
4026 33
4027 4
4029 2
4030 22
4031 39
4033 39
4035 20
4036 2
4037 3
4039 3
4040 2
4041 6
4042 2
4043 19
4044 4
4045 3
4046 3
4047 4
4048 4
4049 11
4050 4
4051 2
4052 4
4053 29
4054 3
4056 3
4057 10
4058 37
4059 19
4061 34
4062 16
4063 11
4064 40
4065 2
4066 8
4068 3
4069 4
4071 36
4072 25
4073 27
4074 29
4075 3
4077 4
4078 2
4079 4
4080 33
4081 2
4082 2
4083 40
4084 2
4085 38
4086 20
4087 5
4088 30
4089 37
4090 2
4091 3
4092 2
4093 28
4094 5
4095 2
4098 12
4100 21
4101 2
4102 4
4103 4
4105 2
4106 28
4108 2
4109 2
4110 24
4111 34
4112 3
4113 24
4116 11
4117 2
4118 39
4119 4
4121 7
4122 11
4123 4
4126 3
4128 39
4129 21
4130 39
4131 14
4132 4
4133 31
4134 27
4135 11
4136 33
4137 37
4138 2
4139 18
4140 8
4142 4
4144 13
4145 18
4147 22
4148 10
4149 35
4150 5
4152 4
4153 14
4154 11
4155 37
4156 2
4157 36
4159 20
4160 22
4161 35
4162 16
4163 3
4164 4
4165 23
4166 26
4167 2
4168 40
4169 27
4170 29
4171 4
4172 25
4173 24
4175 3
4177 3
4178 17
4180 10
4182 38
4183 3
4185 2
4186 4
4187 10
4188 36
4189 19
4190 10
4191 3
4192 25
4193 4
4194 2
4195 4
4196 24
4197 9
4199 16
4200 4
4201 3
4202 3
4203 3
4204 18
4206 4
4207 2
4208 28
4209 16
4210 2
4211 4
4212 26
4213 23
4214 2
4216 9
4217 28
4218 32
4219 7
4220 22
4222 24
4223 13
4225 38
4226 2
4227 4
4228 28
4231 40
4233 3
4234 9
4235 2
4236 12
4237 4
4238 33
4239 35
4240 22
4242 3
4243 20
4244 2
4245 23
4246 31
4247 10
4248 3
4249 20
4251 35
4252 8
4253 36
4254 10
4255 3
4256 6
4257 3
4259 4
4260 3
4261 2
4263 3
4264 24
4265 6
4266 9
4267 5
4269 2
4270 2
4271 3
4272 4
4273 37
4276 3
4277 17
4278 8
4279 32
4280 3
4281 3
4282 4
4283 31
4284 2
4287 4
4288 15
4289 24
4290 7
4291 23
4292 4
4293 2
4295 35
4296 4
4297 2
4299 3
4300 18
4301 4
4304 8
4305 3
4306 4
4307 30
4309 13
4310 2
4311 3
4312 34
4313 5
4315 19
4316 4
4317 13
4318 5
4319 37
4320 2
4321 26
4322 2
4323 4
4324 22
4325 9
4326 22
4327 38
4328 31
4329 2
4330 4
4331 4
4332 4
4333 5
4334 4
4336 2
4337 3
4338 15
4339 3
4340 2
4341 4
4342 25
4343 37
4344 14
4345 3
4346 2
4347 31
4348 3
4349 3
4350 2
4351 4
4352 15
4353 33
4354 2
4355 16
4356 22
4357 4
4358 4
4359 4
4360 4
4361 28
4362 16
4363 2
4364 10
4365 4
4366 28
4367 39
4368 3
4369 25
4370 16
4371 4
4372 29
4373 3
4375 4
4376 31
4378 4
4379 4
4380 3
4381 4
4382 2
4383 4
4385 2
4386 3
4387 31
4388 3
4389 2
4390 23
4392 2
4393 25
4394 2
4396 31
4397 3
4398 3
4399 21
4400 14
4401 4
4402 3
4403 2
4404 4
4405 4
4407 2
4408 36
4409 24
4410 39
4411 20
4413 4
4414 3
4415 4
4416 34
4418 3
4419 39
4420 14
4421 4
4426 2
4427 9
4428 4
4431 2
4432 28
4433 6
4434 20
4435 14
4436 14
4437 36
4438 26
4440 23
4441 25
4442 35
4443 4
4444 18
4445 9
4446 2
4447 2
4448 18
4449 3
4450 37
4451 2
4452 15
4454 26
4456 5
4457 2
4458 10
4459 4
4460 35
4461 3
4463 28
4464 4
4465 2
4466 4
4468 2
4469 4
4470 4
4471 2
4472 2
4473 33
4474 3
4475 2
4476 4
4477 30
4479 32
4480 39
4481 14
4482 9
4484 33
4485 2
4486 28
4487 2
4488 2
4489 26
4490 3
4492 3
4493 2
4494 25
4495 4
4496 6
4497 9
4498 3
4499 19
4500 26
4501 13
4502 3
4503 2
4504 2
4505 4
4506 31
4507 18
4508 3
4510 2
4511 7
4512 8
4514 19
4515 2
4516 11
4518 3
4519 27
4520 4
4521 2
4522 29
4524 17
4525 2
4527 17
4528 10
4529 39
4530 20
4531 17
4533 2
4534 2
4535 3
4536 17
4537 3
4538 3
4539 2
4540 40
4541 2
4542 3
4544 39
4545 2
4546 28
4548 22
4550 3
4551 3
4552 10
4554 33
4555 7
4556 9
4557 35
4558 2
4559 3
4560 2
4561 3
4562 37
4563 15
4565 13
4566 3
4567 35
4568 37
4569 2
4570 38
4571 4
4572 16
4573 8
4574 10
4575 4
4576 33
4578 3
4579 15
4580 2
4581 3
4582 16
4583 3
4584 29
4585 3
4586 4
4588 10
4589 30
4590 4
4591 3
4592 15
4593 12
4594 19
4595 5
4596 32
4597 23
4598 21
4599 5
4600 2
4601 30
4602 19
4603 4
4604 3
4605 3
4606 2
4607 4
4608 9
4609 3
4610 17
4611 36
4612 3
4613 31
4614 3
4615 2
4617 27
4618 35
4619 32
4620 3
4621 3
4622 24
4623 5
4624 2
4625 11
4626 4
4627 2
4628 32
4629 11
4631 3
4632 12
4633 9
4634 39
4635 20
4636 27
4637 4
4638 17
4639 22
4640 4
4641 14
4642 30
4643 2
4644 3
4645 3
4646 3
4649 2
4651 28
4652 4
4654 31
4655 40
4656 2
4657 8
4658 28
4659 30
4660 9
4661 4
4662 26
4663 19
4666 34
4667 2
4668 37
4669 4
4670 29
4671 4
4672 37
4673 29
4674 3
4677 2
4678 28
4679 4
4680 34
4681 5
4682 40
4683 2
4687 14
4688 26
4689 4
4690 2
4691 3
4692 19
4694 37
4695 16
4696 6
4698 3
4699 4
4700 32
4701 32
4702 35
4704 3
4705 34
4706 3
4708 14
4709 13
4710 24
4711 2
4712 3
4714 4
4715 2
4716 19
4718 35
4719 2
4720 2
4721 4
4722 40
4723 4
4724 22
4725 16
4727 3
4728 3
4729 2
4730 35
4731 26
4732 4
4733 4
4734 4
4735 35
4736 2
4737 4
4738 4
4739 2
4740 3
4741 4
4742 2
4743 2
4744 4
4745 4
4746 3
4747 13
4748 23
4749 13
4750 26
4751 3
4752 14
4753 15
4755 18
4756 4
4757 10
4758 10
4759 12
4761 3
4764 32
4765 3
4766 16
4767 23
4769 4
4771 3
4772 4
4773 26
4774 4
4775 2
4776 4
4777 14
4778 2
4779 3
4780 3
4781 18
4782 26
4783 4
4784 3
4785 2
4786 4
4788 2
4789 22
4790 29
4792 39
4793 3
4795 6
4796 2
4797 3
4798 14
4799 6
4800 6
4801 11
4802 8
4803 4
4804 2
4805 35
4806 20
4808 27
4809 28
4810 10
4812 25
4813 40
4815 5
4816 28
4817 3
4819 24
4820 24
4821 36
4822 3
4823 3
4824 4
4825 27
4826 4
4827 12
4828 2
4829 2
4830 7
4831 9
4832 2
4833 30
4834 2
4836 4
4838 34
4839 8
4840 3
4841 3
4842 17
4843 4
4844 3
4845 32
4846 2
4847 2
4848 3
4851 3
4852 21
4853 27
4854 10
4855 13
4856 15
4857 14
4858 28
4859 4
4860 2
4861 3
4862 10
4863 3
4864 4
4865 16
4866 3
4867 4
4868 3
4869 26
4870 12
4872 2
4873 25
4874 31
4875 12
4876 2
4878 5
4879 2
4880 13
4883 29
4884 2
4885 4
4886 3
4887 7
4888 18
4889 30
4890 2
4891 14
4893 4
4894 40
4895 10
4896 27
4898 33
4899 3
4900 8
4901 7
4902 31
4903 13
4904 33
4905 2
4907 4
4908 20
4909 20
4910 2
4911 3
4912 4
4913 15
4914 2
4915 3
4916 9
4917 31
4918 17
4919 5
4920 3
4921 3
4922 29
4923 4
4925 17
4927 8
4929 27
4930 2
4931 4
4932 2
4933 2
4934 22
4935 28
4937 3
4938 30
4939 5
4940 3
4941 4
4942 14
4943 4
4944 9
4945 30
4946 4
4947 40
4949 3
4950 17
4951 4
4953 24
4954 4
4955 4
4956 14
4960 11
4961 21
4962 2
4963 38
4964 21
4965 15
4966 14
4967 24
4968 33
4969 3
4972 36
4973 4
4974 7
4975 5
4976 37
4978 3
4979 9
4980 31
4981 2
4982 3
4983 4
4985 3
4986 4
4987 2
4988 7
4989 3
4990 2
4991 30
4992 10
4993 3
4995 30
4996 9
4997 3
4998 4
5000 40
5001 40
5003 21
5004 2
5005 7
5006 2
5007 32
5008 3
5009 5
5010 2
5011 26
5012 3
5014 4
5015 4
5016 35
5017 16
5019 2
5020 8
5021 3
5023 2
5025 18
5026 4
5027 23
5030 2
5031 33
5032 36
5033 3
5034 2
5035 4
5036 14
5038 2
5040 2
5041 4
5042 32
5043 4
5046 7
5047 25

Output:
521
Max flow is verified
