2002 7000
2001 1 0
1 1843 -7125
1 1106 -1108
1 1208 -7799
1 1707 -5805
2001 2 0
2 1601 -8376
2 1722 -1772
2 1308 -7941
2 1480 -1185
2001 3 0
3 1614 -164
3 1702 -6152
3 1727 -5011
3 1701 -3410
2001 4 0
4 1282 -3520
4 1039 -9033
4 1432 -46
4 1755 -4573
4 1027 -38
4 1878 -5307
4 1840 -2493
4 1640 -6909
2001 5 0
5 1082 -76
5 1307 -4859
5 1162 -5238
5 1774 -1960
5 1709 -767
5 1559 -3392
2001 6 0
6 1884 -3826
6 1413 -4283
6 1036 -7617
2001 7 0
7 1329 -4065
7 1455 -6013
7 1012 -6393
7 1779 -869
7 1982 -6035
2001 8 0
8 1846 -2348
8 1109 -8274
8 1616 -9587
8 1046 -6209
2001 9 0
9 1195 -2412
9 1812 -7314
9 1888 -6182
9 1023 -1775
9 1779 -7537
9 1691 -1228
9 1628 -4178
9 1923 -5477
9 1955 -1813
9 1562 -753
2001 10 0
10 1287 -7954
10 1826 -5688
10 1556 -9555
10 1253 -3319
10 1323 -9755
2001 11 0
11 1502 -1402
11 1910 -4035
11 1965 -6981
2001 12 0
12 1330 -7257
12 1903 -3740
12 1744 -5290
12 1827 -3136
12 1529 -2502
2001 13 0
13 1004 -7775
13 1318 -1636
13 1851 -6121
2001 14 0
14 1586 -6408
14 1087 -1485
2001 15 0
15 1714 -9164
15 1276 -9712
15 1702 -2071
15 1467 -7307
15 1737 -3270
2001 16 0
16 1680 -7577
16 1134 -6058
16 1301 -4674
16 1366 -2266
2001 17 0
17 1637 -3210
17 1339 -5064
2001 18 0
18 1704 -7530
18 1131 -4668
18 1738 -1787
2001 19 0
19 1691 -1295
19 1901 -7074
19 1818 -6272
2001 20 0
20 1423 -1553
20 1797 -2234
20 1286 -550
20 1676 -744
20 1029 -5262
2001 21 0
21 1224 -3207
21 1397 -6582
21 1773 -7616
21 1705 -7520
21 1216 -5788
2001 22 0
22 1012 -4295
22 1928 -535
22 1133 -5180
22 1601 -329
2001 23 0
23 1920 -3414
23 1042 -5776
23 1220 -5701
23 1235 -6192
2001 24 0
24 1811 -3735
24 1265 -2734
2001 25 0
25 1421 -3913
25 1167 -968
2001 26 0
26 1810 -4221
26 1369 -9130
26 1346 -4427
2001 27 0
27 1838 -996
27 1475 -9146
27 1818 -3892
27 1119 -4309
27 1932 -4476
2001 28 0
28 1892 -4889
28 1281 -613
28 1296 -1116
28 1546 -7690
28 1236 -6789
28 1605 -5045
28 1409 -111
28 1530 -3804
28 1927 -6500
2001 29 0
29 1056 -3706
29 1147 -4540
29 1282 -7079
29 1241 -1062
29 1908 -6545
29 1037 -585
29 1756 -8178
29 1381 -6623
2001 30 0
30 1880 -9811
30 1174 -3502
2001 31 0
31 1884 -3461
31 1331 -6616
31 1908 -5786
31 1172 -589
31 1186 -3899
31 1698 -2686
2001 32 0
32 1958 -542
32 1237 -5203
32 1345 -2637
32 1553 -7746
32 1536 -5479
32 1571 -8053
32 1291 -3562
32 1470 -2971
32 1143 -3297
32 1551 -265
2001 33 0
33 1768 -6314
33 1192 -3373
33 1391 -915
33 1294 -428
33 1832 -3015
33 1630 -9591
33 1589 -1650
33 1311 -618
2001 34 0
34 1097 -7539
34 1725 -2184
34 1756 -8604
34 1298 -3618
34 1023 -5655
34 1859 -43
34 1714 -1200
34 1213 -9607
34 1704 -8084
34 1208 -4162
2001 35 0
35 1092 -4792
35 1202 -9734
2001 36 0
36 1263 -9398
36 1973 -6998
36 1757 -9861
2001 37 0
37 1250 -7198
2001 38 0
38 1494 -1735
38 1407 -7504
38 1267 -8758
38 1239 -6599
38 1105 -913
38 1245 -9217
38 1173 -827
38 1276 -7991
38 1150 -2980
38 1302 -2331
38 1233 -5607
2001 39 0
39 1007 -3129
39 1871 -7555
39 1572 -210
39 1073 -1466
2001 40 0
40 1861 -3741
40 1614 -9001
40 1633 -7112
40 1537 -6854
2001 41 0
41 1421 -8923
41 1548 -3519
41 1074 -8139
41 1449 -5394
41 1846 -6594
41 1435 -1816
41 1694 -7549
41 1243 -4963
2001 42 0
42 1237 -2840
42 1199 -8825
42 1469 -9170
42 1957 -5928
42 1414 -9292
42 1277 -6952
42 1182 -4763
42 1312 -8126
2001 43 0
43 1720 -2731
43 1256 -8774
43 1561 -914
2001 44 0
44 1503 -7878
44 1768 -4472
44 1721 -6489
44 1602 -4160
44 1896 -752
2001 45 0
45 1294 -9185
45 1854 -1995
45 1753 -5139
45 1048 -6541
2001 46 0
46 1541 -4086
46 1796 -3884
46 1647 -8656
46 1946 -7464
46 1568 -1023
2001 47 0
47 1938 -9945
47 1848 -8224
47 1691 -4493
47 1086 -384
2001 48 0
48 1195 -3561
48 1464 -2022
2001 49 0
49 1734 -2164
49 1703 -8590
49 1017 -1169
2001 50 0
50 1345 -9788
50 1887 -602
50 1208 -9003
50 1154 -5622
2001 51 0
51 1366 -1984
51 1008 -5104
2001 52 0
52 1382 -2580
52 1053 -6386
52 1482 -8217
2001 53 0
53 1444 -9733
53 1801 -9689
2001 54 0
54 1578 -800
54 1104 -2619
54 1671 -721
54 1616 -3354
54 1272 -8669
2001 55 0
55 1924 -4002
55 1629 -3664
55 1721 -2690
55 1526 -8474
55 1743 -7533
2001 56 0
56 1519 -5470
56 1829 -7203
56 1500 -189
2001 57 0
57 1804 -7559
57 1517 -6874
57 1083 -3040
57 1496 -1716
2001 58 0
58 1110 -2990
58 1128 -491
58 1976 -5565
58 1286 -4944
58 1369 -7437
58 1629 -5452
2001 59 0
59 1732 -4489
59 1715 -2171
59 1414 -6764
59 1161 -51
59 1327 -6448
2001 60 0
60 1376 -2709
60 1161 -7397
60 1836 -2012
60 1950 -3397
60 1651 -1093
60 1663 -9308
60 1327 -9822
2001 61 0
61 1582 -9926
61 1512 -7973
61 1587 -6788
61 1491 -8198
61 1845 -2196
2001 62 0
62 1694 -6416
62 1981 -9439
62 1001 -9977
62 1338 -9778
2001 63 0
63 1748 -3980
63 1322 -1753
63 1865 -5657
63 1587 -2678
2001 64 0
64 1763 -4878
64 1672 -4668
64 1917 -5138
64 1072 -138
64 1338 -2869
64 1974 -6310
64 1704 -3087
2001 65 0
65 1895 -5858
65 1994 -1587
65 1335 -6548
65 1971 -3416
65 1167 -9301
2001 66 0
66 1690 -8540
66 1101 -2152
66 1294 -3319
66 1083 -1353
66 1365 -4551
66 1682 -9096
66 1036 -8386
66 1900 -13
66 1641 -3900
66 1409 -7336
66 1819 -6699
66 1272 -1132
66 1521 -9411
2001 67 0
67 1222 -5439
67 1378 -996
67 1249 -8052
67 1693 -9153
67 1641 -7631
2001 68 0
68 1869 -3523
68 1312 -6351
68 1086 -9424
68 1661 -795
68 1209 -5412
2001 69 0
69 1574 -7472
69 1660 -452
69 1303 -8818
69 1646 -1567
69 1164 -9906
69 1935 -1598
69 1276 -8022
2001 70 0
70 1131 -5596
70 1877 -7490
70 1579 -6121
70 1501 -6327
2001 71 0
71 1797 -419
71 1485 -7835
71 1101 -9600
2001 72 0
72 1896 -2539
72 1554 -7973
72 1254 -7561
72 1943 -7993
2001 73 0
73 1240 -7829
73 1698 -9231
73 1330 -3087
73 1141 -3518
2001 74 0
74 1602 -9697
74 1279 -3255
74 1835 -9852
74 1896 -2816
2001 75 0
75 1933 -7933
75 1042 -5000
75 1357 -1723
2001 76 0
76 1832 -7067
76 1088 -3419
76 1729 -4332
76 1418 -2040
76 1528 -9460
76 1679 -8405
76 1120 -1129
76 1801 -1015
76 1122 -637
2001 77 0
77 1991 -4027
77 1009 -1867
77 1732 -1473
77 1226 -639
77 1401 -2656
77 1228 -3014
2001 78 0
78 1778 -7415
78 1433 -2267
78 1220 -9234
78 1084 -4834
78 1189 -4852
2001 79 0
79 1712 -499
79 1851 -1217
79 1610 -8781
79 1417 -668
2001 80 0
80 1543 -2101
80 1144 -488
80 1989 -4818
2001 81 0
81 1250 -2182
81 1440 -2779
81 1838 -1201
81 1963 -1008
81 1229 -3846
2001 82 0
82 1022 -2433
82 1377 -9058
2001 83 0
83 1905 -6603
83 1864 -2182
83 1781 -7356
83 1127 -5871
83 1022 -8305
83 1003 -8472
2001 84 0
84 1060 -588
84 1845 -5883
84 1932 -3789
84 1736 -4856
84 1012 -4103
84 1734 -6074
84 1134 -8396
84 1735 -3567
2001 85 0
85 1557 -1134
85 1223 -5421
85 1486 -1474
85 1191 -1113
85 1314 -8518
2001 86 0
86 1336 -8989
86 1575 -5926
86 1204 -1074
86 1886 -4241
86 1957 -2951
86 1846 -9165
2001 87 0
87 1821 -5348
87 1048 -7797
87 1157 -2416
87 1504 -8152
87 1047 -1628
2001 88 0
88 1451 -8850
88 1360 -1513
88 1865 -2849
88 1849 -5733
2001 89 0
89 1926 -9031
89 1689 -8014
89 1285 -2614
89 1961 -4079
2001 90 0
90 1496 -4385
90 1597 -8195
90 1781 -7454
90 1714 -6561
2001 91 0
91 1769 -7861
91 1579 -7982
91 1635 -3753
91 1765 -4631
91 1837 -4224
91 1649 -4835
91 1903 -2739
2001 92 0
92 1316 -3529
92 1796 -3310
92 1368 -5350
92 1521 -4408
92 1087 -2622
92 1194 -1544
92 1803 -2957
2001 93 0
93 1922 -2337
93 1619 -938
93 1770 -3738
93 1876 -9416
93 1194 -607
2001 94 0
94 1385 -7866
94 1284 -2242
94 1134 -1376
94 1082 -1247
2001 95 0
95 1541 -4996
95 1249 -3274
95 1855 -2140
95 1487 -9381
95 1402 -452
95 1698 -5060
95 1448 -2703
95 1004 -3015
2001 96 0
96 1114 -1867
96 1911 -5237
96 1634 -72
96 1990 -1943
2001 97 0
97 1551 -3206
97 1797 -5189
97 1449 -4133
97 1685 -964
97 1874 -871
97 1892 -2107
97 1224 -7961
2001 98 0
98 1153 -184
98 1681 -7069
98 1310 -5071
2001 99 0
99 1990 -108
99 1993 -2247
99 1185 -9717
99 1065 -319
99 1479 -3161
99 1085 -3785
2001 100 0
100 1059 -4552
100 1915 -7200
100 1038 -6191
2001 101 0
101 1302 -1680
101 1951 -2348
101 1785 -7412
101 1886 -3768
101 1588 -6695
101 1426 -1797
101 1137 -8971
2001 102 0
102 1939 -4635
102 1953 -5853
102 1802 -226
102 1024 -8694
102 1558 -6900
2001 103 0
103 1612 -4941
103 1581 -5753
103 1977 -5458
103 1549 -5679
2001 104 0
104 1215 -8369
104 1489 -4929
104 1834 -539
104 1342 -3470
104 1629 -2960
104 1783 -6145
104 1655 -3765
2001 105 0
105 1620 -1768
105 1205 -203
105 1876 -9995
105 1123 -6902
105 1839 -2620
105 1922 -1998
2001 106 0
106 1755 -3866
106 1083 -9617
106 1764 -4775
106 1455 -7678
2001 107 0
107 1496 -7850
107 1010 -7785
107 1393 -4898
107 1070 -9351
107 1573 -7781
107 1322 -2492
2001 108 0
108 1340 -4853
108 1858 -2587
2001 109 0
109 1909 -2644
109 1393 -2815
109 1418 -4979
109 1434 -5378
109 1220 -1128
109 1469 -340
109 1686 -7433
2001 110 0
110 1721 -4864
110 1632 -2439
2001 111 0
2001 112 0
112 1504 -954
112 1465 -9275
112 1651 -2416
112 1948 -5016
2001 113 0
113 1285 -9617
113 1754 -6341
113 1803 -1330
113 1752 -3083
113 1379 -8459
113 1271 -8321
113 1013 -12
113 1260 -2800
113 1489 -873
2001 114 0
114 1399 -5949
114 1002 -5810
114 1636 -5877
114 1231 -1104
114 1040 -7239
2001 115 0
115 1495 -9930
115 1977 -3852
115 1839 -296
2001 116 0
116 1738 -8017
116 1902 -9227
116 1371 -3702
2001 117 0
117 1124 -5904
117 1846 -168
117 1410 -254
117 1652 -1575
117 1563 -6863
117 1240 -6993
2001 118 0
118 1746 -3995
118 1335 -557
118 1133 -4783
118 1564 -6442
2001 119 0
119 1352 -3187
119 1764 -6947
119 1850 -135
119 1880 -736
119 1740 -2228
119 1547 -6790
2001 120 0
120 1404 -7234
120 1120 -3598
2001 121 0
121 1030 -5800
121 1117 -3100
121 1565 -8286
121 1501 -9254
121 1646 -6275
121 1591 -466
121 1621 -4082
121 1438 -2156
2001 122 0
122 1002 -4997
122 1443 -931
122 1918 -5118
122 1006 -3593
122 1861 -3634
2001 123 0
123 1635 -6813
123 1760 -253
123 1959 -4216
123 1330 -4774
123 1897 -7909
2001 124 0
124 1818 -5692
124 1257 -2486
124 1972 -9528
124 1549 -8529
124 1734 -9378
124 1912 -8215
124 1606 -1733
2001 125 0
125 1410 -5020
125 1693 -8181
125 1295 -6524
125 1242 -66
125 1913 -9175
125 1206 -1517
125 1504 -832
125 1708 -6406
2001 126 0
126 2000 -2188
2001 127 0
127 1043 -5942
127 1312 -7967
2001 128 0
128 1652 -308
128 1823 -4444
128 1735 -461
128 1356 -7258
128 1174 -2054
128 1041 -7707
128 1143 -6830
128 1220 -8494
128 1429 -8930
128 1489 -9347
2001 129 0
129 1350 -2846
129 1719 -6518
129 1678 -3292
2001 130 0
130 1420 -441
130 1312 -6934
130 1769 -8630
130 1754 -9954
130 1212 -1807
130 1122 -7428
130 1159 -4548
2001 131 0
131 1986 -9323
131 1772 -7704
131 1294 -9770
2001 132 0
132 1018 -9379
132 1656 -9555
132 1514 -2412
132 1288 -5654
132 1246 -7749
2001 133 0
133 1603 -9936
133 1881 -9521
133 1959 -2004
2001 134 0
134 1165 -2899
134 1684 -9651
134 1389 -2131
134 1203 -3166
134 1972 -4195
134 1772 -6773
2001 135 0
135 1458 -8665
135 1773 -5636
135 1726 -4707
135 1402 -3213
135 1142 -8298
135 1759 -4112
135 1875 -9332
135 1343 -5321
2001 136 0
136 1299 -2278
2001 137 0
137 1874 -205
137 1614 -7703
137 1861 -5565
137 1154 -691
137 1535 -3675
137 1054 -9265
137 1337 -7109
137 1829 -1635
2001 138 0
138 1950 -7025
138 1153 -3540
138 1618 -416
138 1627 -8930
138 1658 -7459
2001 139 0
139 1231 -8704
139 1128 -4966
2001 140 0
2001 141 0
141 1894 -6805
141 1795 -5037
141 1671 -832
141 1582 -134
141 1668 -4156
141 1210 -596
141 1330 -8726
141 1800 -8979
2001 142 0
142 1677 -7847
142 1057 -7158
142 1486 -5597
142 1415 -6910
2001 143 0
143 1257 -2444
143 1623 -9897
143 1190 -5090
143 1757 -1314
143 1232 -5499
2001 144 0
144 1868 -6744
144 1390 -7076
144 1254 -8062
144 1061 -6749
2001 145 0
145 1212 -8026
145 1917 -3422
145 1353 -920
145 1356 -9336
145 1110 -9804
2001 146 0
146 1999 -4742
146 1253 -4264
146 1175 -856
146 1466 -5190
2001 147 0
147 1865 -5740
147 1252 -3686
147 1227 -4682
147 1851 -3852
2001 148 0
148 1006 -2709
148 1119 -2605
148 1664 -9570
2001 149 0
149 1984 -4675
149 1299 -1841
149 1911 -8509
2001 150 0
150 1299 -9297
150 1713 -1201
150 1979 -4751
150 1043 -2673
2001 151 0
151 1869 -2443
151 1374 -6901
151 1036 -2457
151 1501 -3481
151 1122 -6066
2001 152 0
152 1864 -7837
152 1857 -929
152 1845 -4762
152 1193 -4557
152 1928 -3255
152 1316 -4144
2001 153 0
153 1999 -1191
153 1342 -6517
2001 154 0
154 1506 -1199
154 1810 -213
154 1119 -733
2001 155 0
155 1177 -7519
155 1214 -1343
155 1919 -9368
155 1572 -1114
2001 156 0
156 1403 -2600
2001 157 0
157 1794 -289
157 1481 -2163
157 1434 -2695
2001 158 0
158 1133 -2531
158 1784 -7578
2001 159 0
159 1183 -3178
159 1820 -399
159 1811 -1629
159 1161 -6011
159 1011 -3451
159 1930 -2736
2001 160 0
160 1093 -9609
160 1564 -5794
160 1788 -2336
160 1614 -2601
160 1593 -4911
160 1672 -9811
160 1478 -4141
2001 161 0
161 1340 -6481
161 1298 -9524
161 1996 -5822
161 1631 -6214
161 1098 -5358
161 1861 -4646
2001 162 0
162 1057 -3127
2001 163 0
163 1847 -886
163 1750 -2788
163 1816 -7946
2001 164 0
164 1556 -864
164 1877 -39
164 1350 -9217
164 1123 -9349
164 1593 -3957
164 1462 -5838
164 1134 -2943
2001 165 0
165 1450 -6154
165 1361 -6097
165 1317 -9728
165 1516 -657
165 1958 -2651
2001 166 0
166 1118 -5003
166 1501 -1195
166 1088 -7993
166 1413 -6964
166 1499 -9244
166 1931 -9959
166 1206 -2121
166 1830 -2392
166 1790 -8920
166 1888 -3325
2001 167 0
167 1856 -118
167 1592 -1760
167 1161 -5149
167 1869 -6590
167 1203 -6499
2001 168 0
168 1373 -9164
168 1650 -2158
168 1146 -7653
168 1915 -5914
168 1195 -7132
168 1080 -2448
168 1046 -5625
168 1615 -6746
2001 169 0
169 1799 -8817
169 1628 -1413
169 1728 -4050
169 1173 -6799
2001 170 0
170 1451 -2498
2001 171 0
171 1122 -8383
171 1425 -4251
171 1961 -2235
171 1720 -3335
171 1512 -3009
171 1885 -6705
2001 172 0
172 1778 -73
172 1964 -4996
172 1194 -3368
172 1940 -15
172 1369 -328
2001 173 0
173 1619 -8632
173 1686 -9865
173 1937 -5462
173 1490 -6725
2001 174 0
174 1448 -2044
174 1703 -4477
174 1545 -7247
174 1245 -4526
174 1422 -7362
174 1367 -9465
174 1392 -989
2001 175 0
175 1542 -3273
175 1914 -1090
175 1340 -2484
175 1251 -5883
175 1241 -6187
175 1164 -3747
175 1228 -9758
2001 176 0
176 1411 -7012
176 1658 -2980
176 1130 -3943
176 1821 -8282
2001 177 0
177 1148 -349
177 1130 -9286
177 1969 -1788
177 1010 -6301
177 1469 -4501
2001 178 0
178 1945 -2968
178 1509 -913
178 1913 -8482
178 1918 -918
2001 179 0
179 1041 -150
179 1408 -5925
179 1542 -8461
179 1597 -3035
179 1229 -3471
179 1816 -7020
2001 180 0
180 1386 -9010
180 1365 -1208
180 1251 -391
180 1835 -7274
2001 181 0
181 1350 -2195
181 1274 -8474
181 1195 -670
181 1604 -9868
181 1916 -3741
181 1942 -4038
181 1700 -6938
2001 182 0
182 1909 -6298
182 1253 -8565
182 1317 -6942
182 1364 -1323
182 1964 -3062
2001 183 0
183 1871 -2243
183 1929 -5086
183 1526 -3659
183 1491 -3089
2001 184 0
184 1387 -6183
184 1606 -3641
184 1465 -9550
184 1388 -4529
2001 185 0
185 1582 -4553
185 1780 -1149
185 1202 -9820
185 1413 -8729
185 1153 -2731
185 1330 -3450
185 1196 -2576
185 1701 -9659
2001 186 0
186 1872 -1884
186 1456 -7888
186 1342 -8504
186 1220 -6775
186 1154 -5151
2001 187 0
187 1274 -1789
187 1124 -2273
187 1569 -336
2001 188 0
188 1285 -6811
188 1210 -4554
188 1252 -2024
188 1374 -8574
188 1637 -5156
188 1628 -1222
188 1823 -7121
2001 189 0
189 1021 -7139
189 1333 -1644
189 1557 -9943
189 1504 -3819
189 1487 -6586
2001 190 0
190 1110 -1561
190 1443 -9060
190 1834 -9498
190 1587 -2476
190 1958 -2312
190 1932 -736
190 1704 -8439
2001 191 0
191 1054 -8553
191 1040 -8674
191 1850 -6593
191 1218 -9182
191 1644 -4008
2001 192 0
192 1898 -8064
192 1539 -9602
192 1326 -1795
192 1813 -1969
192 1636 -1534
2001 193 0
193 1242 -6971
193 1247 -4302
193 1251 -677
193 1870 -1413
193 1237 -230
193 1916 -7370
193 1364 -2913
2001 194 0
194 1721 -5242
194 1412 -5560
194 1099 -4418
2001 195 0
195 1451 -8188
195 1879 -6368
195 1189 -4412
195 1224 -986
195 1751 -9987
195 1693 -8168
195 1960 -283
2001 196 0
196 1186 -7920
196 1527 -2853
196 1870 -5171
196 1448 -186
2001 197 0
197 1700 -2687
197 1397 -6526
197 1126 -6793
2001 198 0
2001 199 0
199 1525 -7025
199 1223 -7865
2001 200 0
200 1815 -134
200 1492 -3405
200 1929 -3979
2001 201 0
201 1368 -2277
201 1342 -7630
201 1006 -6224
201 1606 -3320
201 1364 -7819
201 1281 -8976
2001 202 0
202 1745 -9288
202 1801 -1950
202 1240 -9860
202 1119 -3820
2001 203 0
203 1562 -4816
203 1027 -4983
203 1782 -5858
2001 204 0
204 1604 -4859
204 1057 -6686
204 1909 -4071
204 1383 -3935
204 1074 -5705
204 1998 -7471
2001 205 0
205 1339 -3035
205 1647 -8617
205 1012 -8685
205 1021 -2724
2001 206 0
206 1678 -958
206 1040 -3589
206 1256 -9629
206 1599 -400
206 1268 -2353
206 1397 -1857
2001 207 0
207 1813 -8803
207 1021 -3317
207 1693 -8132
207 1147 -435
207 1992 -6404
2001 208 0
208 1388 -2087
208 1320 -5457
208 1310 -4830
208 1815 -9601
208 1632 -6324
208 1889 -2563
2001 209 0
209 1722 -4395
209 1028 -9623
209 1617 -463
2001 210 0
210 1190 -1226
210 1062 -4095
210 1086 -1543
210 1882 -6097
210 1473 -274
210 1036 -2215
210 1958 -40
210 1981 -7024
2001 211 0
211 1177 -6807
211 1497 -4825
211 1585 -3485
211 1933 -588
211 1227 -6176
211 1802 -7345
2001 212 0
212 1829 -7710
212 1760 -3382
212 1667 -2120
212 1337 -2510
212 1977 -6687
212 1538 -8478
212 1620 -2904
2001 213 0
213 1676 -5168
213 1092 -2144
213 1295 -5221
213 1911 -6194
213 1673 -7986
2001 214 0
214 1971 -5965
214 1320 -7163
214 1484 -5013
214 1759 -9835
214 1087 -9701
214 1919 -8474
214 1227 -700
214 1803 -9291
2001 215 0
215 1710 -9439
215 1057 -8778
215 1544 -6944
215 1275 -7775
215 1985 -3021
215 1509 -890
2001 216 0
216 1166 -8561
216 1219 -2533
216 1374 -4486
216 1682 -5093
216 1217 -3570
216 1578 -5049
216 1704 -2118
216 1010 -2162
216 1244 -1349
216 1921 -1365
216 1821 -407
2001 217 0
217 1817 -6553
217 1921 -9863
217 1872 -167
217 1254 -9800
2001 218 0
218 1150 -5760
218 1895 -1906
218 1087 -2
218 1017 -9902
218 1474 -4539
2001 219 0
219 1361 -5960
2001 220 0
220 1908 -9048
220 1969 -1557
220 1864 -7809
220 1161 -1507
220 1600 -9195
220 1893 -6299
220 1395 -5800
2001 221 0
221 1797 -8178
221 1794 -5840
221 1817 -7792
221 1122 -1690
221 1586 -4211
2001 222 0
222 1516 -454
222 1638 -1443
222 1603 -8396
222 1575 -1939
222 1495 -9474
222 1923 -4336
222 1688 -2839
2001 223 0
223 1298 -2571
223 1449 -8264
223 1030 -1375
223 1605 -7960
223 1556 -3059
223 1938 -4119
2001 224 0
224 1719 -530
224 1442 -5545
224 1043 -5187
224 1616 -1282
224 1336 -3860
224 1253 -2811
2001 225 0
225 1466 -8666
225 1087 -1263
225 1301 -7751
2001 226 0
226 1728 -5895
226 1377 -735
226 1216 -2932
226 1225 -2828
2001 227 0
227 1064 -6225
227 1463 -1004
227 1297 -662
227 1534 -4710
227 1291 -677
227 1062 -1514
2001 228 0
228 1953 -4173
228 1059 -1930
228 1253 -6820
228 1101 -2372
228 1892 -6394
228 1763 -8437
228 1121 -7682
228 1961 -7955
2001 229 0
229 1684 -1228
2001 230 0
230 1632 -1307
230 1449 -2849
230 1663 -4446
230 1080 -7225
230 1227 -5114
2001 231 0
231 1969 -2889
231 1016 -7875
231 1092 -2484
231 1312 -6893
2001 232 0
232 1870 -3720
232 1328 -6383
232 1076 -8933
232 1801 -869
2001 233 0
233 1195 -9289
233 1791 -6146
233 1953 -7521
233 1233 -2458
233 1924 -6672
233 1219 -5325
233 1964 -2121
2001 234 0
234 1384 -4339
234 1312 -8570
234 1187 -568
234 1238 -3554
234 1158 -3632
2001 235 0
235 1766 -8892
235 1813 -8080
235 1922 -6705
235 1213 -2715
235 1483 -4470
235 1579 -1818
235 1066 -7406
235 1741 -2945
2001 236 0
236 1894 -3785
236 1488 -1398
236 1856 -5397
236 1811 -545
236 1072 -3207
236 1428 -4896
236 1800 -9474
2001 237 0
237 1708 -6575
237 1888 -8864
237 1057 -4989
2001 238 0
238 1385 -4133
238 1678 -8028
238 1905 -8224
238 1747 -467
238 1688 -2122
2001 239 0
239 1451 -5735
239 1733 -85
239 1214 -3265
239 1694 -8184
239 1233 -7472
239 1688 -2423
239 1293 -8156
239 1057 -6135
239 1313 -1678
2001 240 0
240 1052 -4271
240 1504 -248
240 1304 -8113
240 1324 -6240
240 1098 -2036
240 1647 -8847
240 1376 -7919
2001 241 0
241 1669 -3449
241 1745 -2399
241 1148 -9672
241 1911 -5614
2001 242 0
242 1220 -1829
242 1973 -9551
242 1079 -9935
242 1473 -8056
242 1546 -6526
242 1691 -5062
2001 243 0
243 1695 -6432
243 1766 -9607
243 1090 -9528
243 1491 -5787
2001 244 0
244 1323 -9545
244 1638 -159
244 1176 -3524
2001 245 0
245 1210 -6492
245 1197 -8251
245 1303 -6701
245 1007 -795
2001 246 0
246 1110 -9917
246 1248 -8866
2001 247 0
247 1802 -1658
247 1804 -9084
247 1922 -6057
247 1265 -1508
2001 248 0
248 1691 -1914
248 1306 -6113
248 1709 -2194
248 1525 -5464
248 1673 -9197
248 1380 -8455
248 1916 -2270
2001 249 0
249 1471 -3777
249 1225 -1807
249 1010 -5735
2001 250 0
250 1884 -888
250 1350 -9579
250 1712 -681
250 1770 -7920
250 1063 -8835
250 1973 -4595
2001 251 0
251 1710 -9171
251 1003 -5711
251 1760 -4411
251 1013 -3656
251 1143 -2515
251 1888 -5088
251 1559 -5201
2001 252 0
252 1673 -5995
252 1143 -1739
252 1453 -4726
252 1104 -9871
252 1113 -7981
252 1154 -8159
252 1250 -1701
2001 253 0
253 1416 -1723
253 1831 -6794
253 1883 -6272
253 1657 -8985
253 1736 -4702
253 1163 -7324
2001 254 0
254 1635 -9903
254 1307 -138
2001 255 0
255 1365 -2163
255 1324 -8348
255 1261 -1888
255 1898 -2753
255 1844 -424
255 1294 -2236
255 1342 -7521
2001 256 0
256 1823 -6762
256 1038 -1901
256 1912 -2659
256 1953 -6249
256 1851 -3905
2001 257 0
257 1962 -3301
257 1138 -2557
2001 258 0
258 1184 -6283
258 1027 -7570
258 1793 -6038
258 1526 -1683
2001 259 0
259 1109 -5865
259 1994 -6928
259 1866 -8086
259 1672 -5521
259 1834 -4517
259 1359 -539
259 1902 -3959
259 1882 -2868
259 1087 -532
259 1756 -5474
259 1257 -3771
2001 260 0
260 1865 -9045
260 1006 -3997
260 1575 -9974
2001 261 0
261 1508 -2536
261 1399 -5363
261 1507 -2010
261 1578 -2798
2001 262 0
262 1631 -4206
262 1181 -3891
262 1131 -5198
262 1623 -3797
262 1733 -4473
262 1794 -5649
2001 263 0
263 1040 -5770
263 1554 -2340
263 1844 -4408
263 1506 -325
2001 264 0
264 1149 -3248
264 1320 -1102
264 1786 -4351
264 1377 -2434
2001 265 0
265 1294 -5385
265 1381 -7326
265 1385 -8061
265 1799 -1796
265 1750 -9472
265 1157 -4621
265 1857 -4092
2001 266 0
266 1570 -9799
266 1655 -8840
2001 267 0
267 1534 -5043
267 1463 -6079
267 1538 -7493
267 1980 -5009
267 1727 -7701
267 1905 -2008
2001 268 0
268 1572 -7553
268 1466 -9629
2001 269 0
269 1405 -6796
269 1478 -7734
2001 270 0
270 1528 -6423
270 1798 -5534
2001 271 0
271 1298 -4102
271 1523 -2214
271 1320 -4729
271 1688 -9116
271 1598 -5909
271 1255 -7018
271 1954 -6799
2001 272 0
272 1019 -9165
272 1804 -4195
2001 273 0
273 1030 -9965
273 1863 -9015
273 1955 -2231
2001 274 0
274 1319 -9117
274 1151 -5210
274 1786 -8788
274 1579 -9191
274 1986 -1622
2001 275 0
275 1784 -3374
275 1505 -1916
275 1939 -2158
275 1503 -8711
275 1024 -8203
275 1635 -4733
2001 276 0
276 1819 -3468
276 1543 -4261
276 1119 -6026
276 1510 -214
276 1309 -9482
276 1379 -3632
2001 277 0
277 1418 -9119
277 1049 -3681
277 1828 -7419
277 1886 -9408
2001 278 0
278 1056 -6008
278 1063 -6207
278 1053 -3660
278 1218 -532
278 1885 -7970
278 1460 -7479
2001 279 0
279 1311 -4711
279 1578 -5015
279 1211 -7537
2001 280 0
280 1381 -2261
280 1190 -1395
280 1763 -1888
280 1509 -5471
280 1001 -2218
2001 281 0
281 1951 -2390
281 1265 -6786
281 1232 -5092
281 1878 -8810
2001 282 0
282 1458 -9958
282 1042 -2346
282 1542 -4731
282 1623 -6206
282 1319 -2491
282 1945 -4355
282 1558 -3173
2001 283 0
283 1753 -6230
283 1898 -4751
283 1942 -4342
283 1215 -4728
2001 284 0
284 1582 -1024
284 1827 -9404
284 1451 -6350
284 1324 -9495
284 1330 -8503
284 1486 -5706
284 1747 -3186
284 1879 -5131
2001 285 0
285 1548 -507
285 1614 -3196
285 1869 -6887
285 1584 -6414
2001 286 0
286 1812 -6617
286 1094 -1227
286 1013 -6365
286 1029 -423
286 1276 -4192
2001 287 0
287 1424 -5281
287 1284 -9536
287 1283 -95
287 1677 -7541
287 1894 -6897
287 1053 -5855
2001 288 0
288 1452 -2498
288 1396 -3969
288 1485 -7957
288 1801 -4774
288 1586 -6081
288 1707 -7557
288 1708 -240
2001 289 0
289 1304 -4525
289 1846 -6666
289 1326 -8420
289 1129 -4800
289 1661 -8053
289 1124 -8946
2001 290 0
290 1988 -7980
290 1082 -7227
290 1312 -9729
290 1404 -1152
290 1761 -7634
290 1282 -2656
2001 291 0
291 1449 -9326
291 1702 -8217
291 1606 -6550
291 1025 -8211
291 1527 -1009
2001 292 0
292 1056 -8595
292 1018 -7987
292 1629 -3983
2001 293 0
293 1919 -7448
293 1850 -7418
293 1824 -3377
293 1843 -1583
293 1056 -2720
293 1627 -6042
2001 294 0
294 1408 -5458
294 1218 -8697
294 1527 -5642
294 1700 -7880
294 1130 -8336
2001 295 0
295 1427 -2830
295 1265 -2981
295 1431 -1105
295 1765 -8088
295 1217 -1455
295 1149 -4360
2001 296 0
296 1238 -1207
296 1354 -7063
296 1558 -1535
296 1013 -1831
296 1544 -5004
296 1136 -5481
296 1270 -4829
2001 297 0
297 1539 -2001
297 1109 -3951
297 1009 -1045
297 1368 -5741
297 1512 -9178
297 1476 -8148
297 1121 -559
2001 298 0
298 1914 -1455
298 1595 -7305
298 1568 -1343
298 1123 -2087
298 1771 -4255
298 1385 -768
298 1132 -6242
298 1463 -4572
2001 299 0
299 1999 -4761
299 1697 -8724
299 1618 -9093
299 1639 -2728
2001 300 0
300 1318 -5189
300 1431 -5192
300 1401 -8970
300 1294 -2598
300 1201 -9150
300 1833 -9653
2001 301 0
301 1239 -2523
301 1939 -5215
301 1049 -9680
301 1532 -294
2001 302 0
302 1449 -9389
302 1746 -7338
302 1351 -1970
302 1174 -8498
302 1575 -6266
302 1486 -6235
302 1431 -9736
302 1297 -8396
2001 303 0
303 1124 -5612
303 1704 -4714
303 1943 -3431
303 1234 -2702
303 1537 -8211
303 1238 -1393
2001 304 0
304 1573 -7521
304 1955 -7053
304 1233 -9742
304 1155 -9296
304 1774 -9025
304 1630 -9846
304 1927 -5310
2001 305 0
305 1585 -1428
305 1254 -8678
305 1372 -6508
305 1061 -9126
305 1836 -1651
305 1631 -7890
2001 306 0
306 1765 -9005
306 1202 -584
306 1198 -4899
2001 307 0
307 1519 -5285
307 1856 -3832
307 1058 -4539
307 1089 -3987
307 1222 -5338
307 1880 -4226
307 1979 -5632
307 1293 -6975
307 1691 -6915
2001 308 0
308 1988 -1127
308 1045 -6075
308 1693 -7924
308 1374 -1288
308 1466 -9555
308 1415 -3950
2001 309 0
309 1802 -2355
309 1678 -4752
309 1740 -584
309 1092 -4872
309 1504 -6630
2001 310 0
310 1109 -1115
310 1101 -2209
310 1296 -6333
310 1980 -6500
310 1866 -3071
310 1298 -9845
2001 311 0
311 1905 -2253
311 1959 -8477
311 1405 -7845
311 1179 -3831
311 1241 -4576
311 1514 -3948
2001 312 0
312 1697 -9467
312 1440 -4339
312 1890 -1641
312 1039 -7639
312 1968 -2176
2001 313 0
313 1209 -3917
313 1293 -4692
2001 314 0
314 1241 -3584
2001 315 0
315 1766 -7536
315 1469 -9741
315 1541 -7933
315 1683 -9375
315 1213 -5367
2001 316 0
316 1708 -6832
316 1456 -6594
316 1836 -9326
316 1300 -3660
2001 317 0
317 1238 -6183
317 1582 -3785
317 1851 -6797
317 1328 -169
317 1192 -2648
317 1295 -6874
2001 318 0
318 1944 -4464
318 1982 -3085
318 1729 -1531
318 1675 -7586
318 1902 -4257
318 1771 -119
318 1019 -1262
318 1146 -8153
2001 319 0
319 1036 -5498
319 1518 -5564
319 1452 -6678
319 1391 -8947
319 1931 -8902
319 1694 -746
2001 320 0
320 1027 -7760
320 1731 -656
320 1384 -8364
320 1777 -7268
320 1423 -4968
320 1945 -6613
2001 321 0
321 1297 -6868
321 1463 -3337
321 1404 -5538
321 1167 -7791
2001 322 0
322 1872 -6602
322 1837 -4584
322 1973 -1549
322 1533 -5288
322 1140 -3967
322 1375 -5629
2001 323 0
323 1726 -3822
323 1767 -4838
323 1799 -9058
323 1693 -8214
323 1194 -8175
323 1038 -4398
323 1609 -3777
2001 324 0
324 1539 -4884
324 1973 -2303
324 1498 -9610
324 1200 -9735
324 1904 -2051
2001 325 0
325 1844 -3993
325 1164 -3344
325 1045 -6438
325 1876 -252
325 1288 -2084
2001 326 0
326 1225 -3872
326 1740 -805
326 1500 -7204
326 1137 -2511
326 1135 -7223
326 1195 -3884
326 1642 -7706
326 1020 -7019
2001 327 0
327 1051 -3212
327 1693 -331
327 1566 -4370
327 1951 -946
327 1287 -9585
2001 328 0
328 1984 -8412
328 1606 -1448
328 1872 -1693
2001 329 0
329 1009 -7393
329 1050 -4065
329 1920 -5349
329 1204 -9771
329 1311 -2215
329 1064 -4023
329 1161 -5301
329 1786 -1863
329 1701 -153
2001 330 0
330 1726 -8731
330 1112 -143
330 1043 -5323
330 1741 -5794
330 1119 -4380
330 1781 -4255
2001 331 0
331 1953 -7877
331 1055 -6763
331 1205 -5320
331 1551 -858
331 1042 -8598
331 1986 -7434
2001 332 0
332 1878 -4109
332 1710 -1736
332 1485 -1789
332 1400 -192
332 1451 -9466
2001 333 0
333 1957 -4434
333 1839 -6189
333 1993 -7824
333 1346 -5653
333 1057 -3106
333 1738 -7164
2001 334 0
334 1229 -7275
334 1610 -5236
334 1132 -3187
334 1497 -9709
334 1327 -5464
2001 335 0
335 1834 -9336
335 1294 -287
335 1733 -1451
335 1701 -9059
335 1429 -2346
335 1867 -8532
335 1318 -9281
335 1728 -6706
335 1011 -1886
335 1831 -9060
335 1430 -9741
2001 336 0
336 1687 -94
336 1261 -2523
336 1913 -3377
336 1129 -7135
336 1875 -874
336 1819 -3734
2001 337 0
337 1034 -4159
337 1798 -2857
337 1319 -1531
337 1910 -978
337 1985 -6073
337 1721 -1288
2001 338 0
338 1421 -3714
338 1717 -9651
338 1707 -9612
338 1330 -864
338 1162 -231
2001 339 0
339 1905 -3968
339 1528 -4776
2001 340 0
340 1850 -2339
340 1482 -703
340 1858 -8410
2001 341 0
341 1403 -9767
341 1550 -6118
341 1235 -3809
341 1247 -8062
341 1236 -1030
2001 342 0
342 1486 -5692
342 1653 -2136
342 1227 -287
342 1898 -3140
342 1102 -2094
342 1837 -131
2001 343 0
343 1043 -6587
343 1974 -1240
343 1313 -9245
343 1257 -3887
343 1108 -7887
343 1754 -1646
343 1076 -7296
343 1367 -2920
343 1784 -9213
2001 344 0
344 1805 -8298
344 1748 -1385
344 1510 -2040
344 1834 -3804
344 1003 -7816
344 1914 -3493
2001 345 0
345 1937 -7878
345 1294 -2833
2001 346 0
346 1258 -3096
346 1416 -4388
2001 347 0
347 1184 -4436
347 1491 -6183
2001 348 0
348 1539 -5846
348 1706 -5703
348 1472 -9059
348 1284 -7078
348 1316 -5170
348 1426 -722
2001 349 0
349 1314 -2137
349 1687 -9911
349 1661 -7478
349 1982 -230
349 1502 -8347
349 1276 -8998
349 1394 -9130
2001 350 0
350 1317 -6596
350 1321 -7391
350 1220 -9011
350 1362 -8733
350 1907 -5770
2001 351 0
351 1923 -5713
351 1507 -1822
2001 352 0
352 1299 -8937
352 1956 -3893
352 1346 -2221
352 1874 -7023
352 1672 -8389
2001 353 0
353 1725 -4159
353 1746 -749
353 1333 -6767
353 1772 -9045
353 1845 -2437
2001 354 0
354 1546 -5851
354 1900 -1331
354 1116 -5863
354 1072 -4238
354 1852 -9740
354 1335 -10
2001 355 0
355 1068 -1123
355 1959 -4783
355 1755 -1215
355 1072 -9347
355 1114 -303
355 1211 -493
355 1815 -4465
355 1928 -223
2001 356 0
356 1215 -7879
356 1052 -9427
356 1103 -225
356 1047 -6952
356 1701 -2113
2001 357 0
357 1052 -5679
357 1055 -9948
357 1354 -3852
357 1381 -4873
2001 358 0
358 1654 -8816
358 1333 -3808
358 1027 -5291
358 1265 -7527
358 1519 -2380
2001 359 0
359 1663 -5934
359 1718 -8079
359 1887 -9825
359 1984 -490
2001 360 0
360 1292 -1862
360 1975 -6008
360 1316 -2720
2001 361 0
361 1774 -4376
361 1991 -3781
361 1342 -1841
2001 362 0
362 1597 -8459
362 1339 -4040
2001 363 0
363 1564 -5830
363 1765 -6857
363 1603 -7677
363 1587 -7047
363 1408 -1494
363 1165 -2423
2001 364 0
364 1678 -9580
364 1433 -3210
364 1088 -1588
364 1644 -1717
364 1694 -1514
364 1077 -9657
364 1052 -4192
364 1019 -7295
364 1442 -6536
364 1898 -6344
2001 365 0
365 1550 -1104
365 1863 -7733
365 1036 -7275
2001 366 0
366 1605 -8404
366 1013 -7749
366 1197 -5002
366 1097 -9165
2001 367 0
367 1488 -7749
367 1214 -9428
367 1534 -4482
367 1758 -9892
2001 368 0
368 1742 -4639
368 1263 -3654
368 1532 -2008
368 1533 -4606
368 1506 -9748
368 1211 -1755
2001 369 0
369 1910 -6814
369 1021 -4857
369 1875 -7497
369 1458 -3932
2001 370 0
370 1088 -7774
370 1260 -3233
370 1364 -6496
370 1142 -5667
2001 371 0
371 1807 -6077
371 1293 -6237
371 1513 -448
371 1010 -467
2001 372 0
372 1115 -8107
372 1182 -3048
372 1069 -3096
372 1837 -5298
2001 373 0
373 1789 -8453
373 1572 -5282
373 1591 -3746
2001 374 0
374 1875 -2665
374 1228 -2987
374 1692 -628
374 1365 -2885
2001 375 0
375 1494 -2286
375 1559 -9370
375 1739 -9917
375 1148 -283
375 1184 -766
375 1455 -7220
375 1459 -6225
2001 376 0
376 1979 -2888
376 1070 -6860
376 1635 -4984
376 1312 -4260
376 1304 -6331
376 1857 -9238
376 1348 -3182
376 1619 -6255
2001 377 0
377 1749 -1398
377 1620 -1890
377 1387 -284
377 1565 -473
2001 378 0
378 1873 -185
378 1259 -9106
378 1425 -8894
378 1541 -8175
378 1075 -2291
2001 379 0
379 1655 -8702
379 1670 -5271
379 1988 -583
379 1423 -6295
379 1284 -7764
379 1663 -6724
379 1218 -8388
2001 380 0
380 1404 -5142
380 1078 -2110
2001 381 0
381 1519 -6890
381 1846 -248
381 1631 -2785
381 1649 -8904
381 1600 -7113
2001 382 0
382 1382 -7832
382 1983 -3158
382 1823 -9445
382 1630 -1291
382 1628 -5498
382 1744 -9292
2001 383 0
383 1851 -7562
383 1390 -4686
383 1810 -9927
383 1803 -8646
383 1506 -3006
383 1312 -4958
2001 384 0
384 1908 -6541
384 1061 -3393
384 1705 -2996
384 1314 -5953
384 1987 -7235
384 1853 -5435
384 1728 -954
384 1613 -4399
2001 385 0
385 1707 -313
385 1600 -958
385 1239 -8312
2001 386 0
386 1176 -8820
386 1209 -3003
386 1302 -4884
386 1563 -4345
386 1839 -1152
2001 387 0
387 1810 -9969
387 1063 -1609
387 1622 -2567
387 1215 -3357
387 1819 -2000
387 1999 -9000
2001 388 0
388 1274 -9324
388 1852 -2084
388 1214 -7876
2001 389 0
389 1971 -8145
389 1399 -5758
2001 390 0
390 1384 -5953
390 1706 -5826
390 1934 -9440
390 1269 -5698
390 1687 -9988
390 1387 -2170
390 1058 -3702
390 1497 -9527
2001 391 0
391 1779 -3107
391 1482 -6525
2001 392 0
392 1588 -4240
392 1942 -7492
392 1712 -9312
392 1694 -6012
392 1207 -7489
392 1580 -2962
2001 393 0
393 1896 -6258
393 1505 -7961
393 1849 -5052
393 1370 -2469
393 1770 -2576
393 1285 -2255
2001 394 0
394 1074 -8251
394 1103 -9563
394 1540 -7943
394 1354 -4612
394 1157 -867
2001 395 0
395 1859 -4749
395 1671 -5440
395 1946 -8096
2001 396 0
396 1563 -5733
396 1314 -3593
396 1614 -6695
2001 397 0
397 1142 -7659
397 1326 -2819
2001 398 0
398 1090 -2348
398 1667 -5642
398 1864 -6236
398 1251 -6746
398 1222 -3352
398 1947 -7561
2001 399 0
399 1873 -1773
399 1305 -9245
399 1718 -9735
399 1321 -1656
399 1298 -2901
399 1804 -6513
399 1183 -8544
399 1731 -1667
399 1926 -4306
2001 400 0
400 1497 -8051
400 1614 -1934
400 1739 -1805
400 1205 -3501
400 1752 -7823
400 1177 -448
400 1761 -4482
400 1068 -3948
2001 401 0
401 1788 -3364
401 1683 -913
401 1361 -2224
401 1650 -2572
401 1927 -446
401 1549 -9868
2001 402 0
402 1433 -355
402 1890 -8431
402 1477 -602
402 1922 -6303
402 1789 -4904
402 1517 -4796
402 1333 -6413
2001 403 0
403 1114 -4515
403 1534 -8558
403 1282 -5442
403 1704 -2369
403 1983 -6000
403 1838 -8670
403 1063 -1764
403 1467 -7936
2001 404 0
404 1066 -5394
404 1673 -990
404 1913 -1651
2001 405 0
405 1194 -2657
405 1354 -462
2001 406 0
406 1157 -285
406 1132 -4277
406 1890 -1246
406 1088 -8360
406 1110 -5717
406 1552 -2102
2001 407 0
407 1303 -9674
407 1045 -3339
407 1572 -2402
407 1691 -141
407 1712 -8665
407 1069 -2509
407 1878 -6435
2001 408 0
408 1649 -6839
408 1539 -2592
408 1352 -4580
408 1243 -1428
2001 409 0
409 1037 -3982
409 1737 -6166
409 1053 -7567
409 1160 -2664
409 1948 -1860
409 1062 -3360
409 1292 -1140
409 1301 -986
409 1538 -2329
2001 410 0
410 1851 -1411
410 1676 -3430
410 1424 -3441
410 1699 -1895
410 1789 -1836
410 1064 -6482
410 1890 -1468
410 1209 -9209
410 1282 -1538
410 1450 -5275
2001 411 0
411 1722 -441
411 1126 -5858
411 1482 -8334
411 1250 -4132
411 1717 -7788
2001 412 0
412 1625 -8115
412 1640 -2526
412 1307 -4101
412 1572 -5297
412 1079 -2376
412 1933 -2384
2001 413 0
413 1846 -5755
413 1958 -5958
413 1368 -7802
2001 414 0
414 1273 -2123
414 1365 -5091
414 1544 -535
414 1845 -9723
414 1446 -9377
2001 415 0
415 1266 -4725
415 2000 -2434
415 1755 -5112
2001 416 0
416 1814 -5998
416 1823 -2641
416 1125 -8129
416 1140 -8070
416 1514 -3466
416 1006 -1248
416 1372 -9725
2001 417 0
417 1682 -883
417 1348 -3578
417 1793 -7876
417 1851 -9465
417 1306 -1088
417 1787 -9771
2001 418 0
418 1933 -1775
418 1331 -8428
418 1891 -5489
418 1984 -9024
2001 419 0
419 1584 -9931
419 1156 -9979
419 1722 -3837
419 1141 -251
419 1575 -1941
419 1700 -352
419 1134 -8086
419 1337 -4556
419 1880 -8518
2001 420 0
420 1286 -1544
420 1863 -2618
420 1992 -2343
420 1613 -6854
420 1121 -9981
420 1109 -2447
420 1231 -7092
420 1620 -646
2001 421 0
421 1705 -1789
421 1276 -4736
421 1309 -5644
421 1316 -9291
421 1523 -5032
2001 422 0
422 1350 -5502
422 1953 -5437
422 1268 -8112
422 1421 -3273
2001 423 0
423 1005 -9682
423 1852 -5348
423 1955 -8313
423 1339 -516
423 1165 -2304
423 1953 -111
423 1644 -5063
2001 424 0
424 1019 -1924
424 1715 -8059
424 1354 -3453
424 1586 -637
2001 425 0
425 1137 -6980
2001 426 0
426 1854 -2824
426 1111 -658
426 1627 -4064
426 1031 -4472
2001 427 0
427 1488 -268
427 1282 -6970
427 1955 -9290
2001 428 0
428 1175 -2487
428 1103 -232
428 1172 -1158
428 1352 -5446
2001 429 0
429 1123 -7037
429 1810 -6248
429 1075 -3301
429 1255 -3881
429 1923 -8195
2001 430 0
430 1754 -9509
430 1441 -538
430 1630 -4034
2001 431 0
431 1835 -2739
431 1941 -7080
431 1644 -5796
2001 432 0
432 1707 -3564
432 1878 -6264
432 1931 -5257
432 1399 -2522
432 1319 -7988
432 1484 -1061
432 1379 -2497
2001 433 0
433 1655 -9213
433 1049 -1586
433 1497 -9545
2001 434 0
434 1492 -385
434 1446 -2450
434 1073 -2737
434 1704 -2953
434 1551 -8411
434 1813 -4789
434 1158 -8897
434 1723 -5709
434 1937 -1883
434 1038 -2802
434 1373 -8235
2001 435 0
435 1681 -5627
435 1473 -826
435 1404 -5346
2001 436 0
436 1435 -1684
436 1169 -3509
436 1381 -371
436 1399 -2173
436 1549 -5686
436 1928 -1451
2001 437 0
437 1766 -8768
437 1165 -970
437 1007 -2719
437 1355 -7933
2001 438 0
438 1872 -9653
438 1062 -7619
438 1452 -5528
438 1060 -4975
2001 439 0
439 1105 -5504
439 1213 -2952
439 1544 -2305
439 1814 -4496
2001 440 0
440 1621 -4682
440 1056 -9114
440 1261 -7478
440 1242 -2433
2001 441 0
441 1979 -9325
441 1148 -9534
441 1708 -5667
441 1123 -6102
2001 442 0
442 1162 -5038
442 1455 -1124
442 1211 -1805
442 1131 -5977
442 1454 -8023
442 1565 -2142
2001 443 0
443 1982 -2172
443 1446 -8664
443 1832 -8942
2001 444 0
444 1101 -3174
444 1486 -4211
444 1791 -9103
444 1053 -1486
444 1402 -2929
444 1772 -3009
2001 445 0
445 1539 -2911
445 1753 -260
445 1496 -6454
445 1751 -1357
445 1038 -7213
445 1243 -3787
445 1739 -3780
445 1499 -9363
445 1570 -7352
445 1730 -8492
2001 446 0
446 1765 -1104
446 1115 -6889
446 1242 -6089
446 1546 -6736
446 1224 -6978
2001 447 0
447 1907 -6363
447 1788 -3997
447 1044 -345
447 1624 -8613
447 1814 -4996
2001 448 0
448 1138 -4450
448 1115 -3118
448 1529 -74
448 1243 -9328
448 1134 -6828
448 1685 -485
2001 449 0
449 1790 -643
449 1697 -7155
449 1275 -7737
449 1456 -1611
2001 450 0
450 1761 -8196
450 1348 -7707
450 1282 -4757
2001 451 0
451 1449 -1567
451 1566 -490
451 1036 -362
451 1399 -6948
451 1013 -8394
451 1953 -8088
451 1311 -8932
451 1389 -2416
2001 452 0
452 1239 -5251
452 1125 -8461
452 1302 -4457
452 1070 -3417
452 1657 -849
452 1694 -9491
452 1579 -4013
2001 453 0
453 1755 -1927
453 1627 -6866
453 1878 -3932
453 1826 -2555
453 1039 -5767
453 1125 -6498
453 1023 -2160
2001 454 0
454 1622 -7851
454 1234 -8625
454 1268 -2836
2001 455 0
455 1387 -5701
455 1407 -3520
455 1966 -5690
455 1198 -9403
2001 456 0
456 1238 -6759
456 1649 -9073
456 1537 -2630
456 1673 -8517
2001 457 0
457 1896 -4120
457 1320 -5209
457 1984 -3477
457 1630 -5940
457 1983 -63
2001 458 0
458 1566 -5928
458 1570 -8385
458 1272 -5931
458 1077 -9313
458 1237 -5026
458 1674 -2071
458 1449 -7981
458 1527 -8548
2001 459 0
459 1797 -5400
459 1330 -4531
459 1493 -8651
459 1971 -789
2001 460 0
460 1489 -9393
460 1202 -7992
460 1574 -8591
460 1924 -5446
460 1348 -4854
460 1734 -7576
2001 461 0
461 1701 -3933
461 1281 -2443
461 1440 -5085
461 1596 -5231
461 1279 -3220
461 1642 -8469
461 1059 -3386
461 1473 -9656
461 1582 -5074
461 1886 -9409
461 1603 -4752
2001 462 0
462 1780 -412
462 1643 -4453
462 1877 -9147
462 1969 -5133
462 1647 -704
2001 463 0
463 1814 -1544
463 1291 -8067
463 1542 -4422
463 1722 -1779
2001 464 0
464 1040 -890
464 1618 -5851
464 1952 -8871
464 1287 -3494
2001 465 0
465 1569 -8560
465 1859 -9099
465 1326 -3117
2001 466 0
466 1402 -4
466 1754 -4557
466 1659 -8625
466 1066 -1497
2001 467 0
467 1310 -5181
467 1649 -3287
467 1459 -575
467 1280 -4256
2001 468 0
468 1418 -6793
468 1990 -3324
468 1462 -803
468 1251 -1159
468 1306 -5456
468 1323 -2420
2001 469 0
469 1751 -6368
469 1799 -4296
469 1502 -6813
469 1031 -4667
469 1865 -3920
469 1818 -7102
2001 470 0
470 1727 -3493
470 1391 -7725
470 1936 -184
470 1719 -8713
470 1878 -4970
470 1632 -7025
470 1327 -8271
2001 471 0
471 1726 -8909
471 1705 -5814
471 1135 -2988
471 1361 -6697
471 1973 -5379
471 1277 -5798
471 1026 -367
2001 472 0
472 1618 -7002
472 1319 -5538
2001 473 0
473 1037 -246
473 1236 -2154
2001 474 0
474 1772 -4851
474 1337 -8775
474 1804 -854
474 1378 -5293
2001 475 0
475 1628 -5560
475 1309 -6584
475 1202 -7646
475 1024 -3042
475 1140 -9891
475 1805 -9416
475 1041 -9266
475 1840 -341
2001 476 0
476 1089 -9353
476 1819 -9973
476 1401 -1864
476 1103 -5488
476 1547 -4066
476 1475 -6572
476 1058 -110
476 1600 -6493
476 1175 -4761
2001 477 0
477 1582 -310
477 1713 -4654
477 1926 -7563
477 1093 -1329
2001 478 0
478 1300 -4618
478 1091 -2521
478 1991 -9953
478 1954 -7110
478 1349 -1094
478 1206 -7485
2001 479 0
2001 480 0
480 1926 -5725
480 1062 -7040
480 1872 -7622
480 1195 -4532
480 1212 -2408
480 1432 -3496
2001 481 0
481 1006 -9869
481 1975 -1800
481 1666 -1588
481 1600 -4252
481 1463 -3281
2001 482 0
482 1996 -2502
482 1212 -3553
482 1717 -9109
482 1249 -2437
482 1190 -2881
482 1361 -7961
482 1263 -7522
2001 483 0
483 1956 -6152
483 1405 -6423
483 1548 -967
483 1751 -7521
2001 484 0
484 1067 -2877
484 1486 -8353
484 1084 -7588
2001 485 0
485 1333 -5883
485 1861 -5574
485 1812 -4034
485 1320 -2516
2001 486 0
486 1168 -3165
486 1093 -9130
486 1918 -6332
486 1699 -7269
486 1815 -3352
486 1257 -3235
486 1650 -9340
2001 487 0
487 1385 -1754
487 1746 -9643
487 1750 -5408
487 1982 -3242
487 1691 -1719
487 1109 -8261
487 1862 -6871
487 1241 -140
2001 488 0
488 1101 -5759
488 1748 -6157
488 1435 -7314
488 1787 -8175
488 1374 -8785
488 1295 -7214
488 1530 -898
488 1329 -8974
488 1135 -3477
2001 489 0
489 1764 -3523
489 1841 -1375
489 1238 -4450
489 1401 -4158
2001 490 0
490 1644 -4738
490 1349 -5892
490 1533 -3365
490 1147 -4095
2001 491 0
491 1044 -6781
491 1928 -7924
491 1581 -7527
491 1880 -4723
491 1028 -1415
491 1831 -3702
491 1709 -1861
491 1072 -1900
2001 492 0
492 1415 -4570
492 1031 -9281
492 1204 -2033
492 1698 -1386
492 1880 -4972
492 1838 -4920
2001 493 0
493 1191 -9641
493 1486 -8463
2001 494 0
494 1353 -5379
494 1354 -3126
494 1234 -8972
494 1293 -4686
494 1787 -5241
494 1371 -8807
494 1873 -2628
2001 495 0
495 1292 -4386
495 1034 -615
495 1967 -5159
495 1365 -1630
495 1764 -434
495 1880 -7732
495 1169 -6849
2001 496 0
496 1171 -372
496 1793 -7371
496 1021 -2324
496 1130 -2999
496 1495 -4711
496 1435 -4704
2001 497 0
497 1598 -5000
497 1197 -6201
497 1021 -6857
497 1937 -3188
497 1048 -6639
2001 498 0
498 1351 -2024
498 1252 -6121
2001 499 0
499 1292 -3543
499 1861 -8700
2001 500 0
500 1727 -8867
500 1784 -2960
500 1750 -5662
500 1892 -8777
500 1210 -3811
500 1073 -1396
500 1907 -6574
2001 501 0
501 1468 -6209
501 1298 -965
501 1923 -5019
501 1611 -5230
501 1921 -4415
2001 502 0
502 1603 -1418
502 1388 -8864
502 1698 -5873
502 1550 -9476
2001 503 0
503 1195 -4849
503 1512 -4318
503 1933 -7779
2001 504 0
504 1416 -3991
504 1224 -1304
504 1030 -7350
504 1140 -4134
504 1591 -6405
2001 505 0
505 1347 -3197
505 1568 -2022
505 1181 -6018
505 1784 -9163
505 1271 -1536
2001 506 0
506 1057 -3464
506 1503 -3131
506 1029 -3832
506 1621 -9499
506 1986 -7456
506 1827 -7403
506 1178 -7919
506 1365 -7623
506 1823 -9180
2001 507 0
507 1266 -5250
507 1922 -2060
507 1102 -1968
507 1485 -5867
507 1574 -3599
2001 508 0
508 1398 -4967
508 1463 -4149
508 1206 -6826
508 1301 -644
2001 509 0
509 1914 -2161
509 1757 -3199
509 1293 -5703
509 1444 -1287
509 1088 -5299
2001 510 0
510 1206 -928
510 1408 -2237
510 1695 -3535
510 1449 -9971
510 1112 -3718
510 1791 -6114
2001 511 0
511 1341 -7085
511 1172 -5551
511 1683 -5529
511 1488 -9450
511 1349 -9955
2001 512 0
512 1868 -3241
512 1367 -8678
2001 513 0
513 1041 -8436
513 1357 -6859
513 1919 -573
513 1033 -5980
513 1062 -8552
513 1854 -8689
513 1377 -8836
2001 514 0
514 1277 -7651
514 1994 -7259
514 1122 -6065
514 1453 -1344
514 1356 -7489
2001 515 0
515 1734 -7832
515 1341 -3985
515 1755 -6828
515 1309 -6166
515 1384 -5545
2001 516 0
516 1722 -6587
516 1486 -1645
516 1047 -871
516 1576 -2169
516 1434 -7556
516 1394 -5283
2001 517 0
517 1305 -6302
517 1606 -8444
2001 518 0
518 1740 -5654
518 1294 -3543
518 1112 -627
518 1615 -3408
518 1973 -8863
518 1091 -1270
2001 519 0
519 1938 -271
519 1120 -2185
519 1323 -3598
519 1292 -2576
519 1715 -6651
2001 520 0
520 1700 -7360
520 1784 -2116
520 1780 -6415
520 1825 -5608
520 1822 -9972
520 1546 -9194
2001 521 0
521 1764 -2603
521 1692 -805
521 1604 -1027
521 1682 -8806
521 1638 -3400
521 1565 -717
521 1998 -9156
521 1269 -6593
521 1961 -1799
521 1980 -7470
521 1687 -3229
521 1895 -2548
521 1556 -7170
521 1010 -1459
521 1953 -9175
2001 522 0
522 1012 -485
522 1836 -165
522 1573 -6479
522 1689 -3084
2001 523 0
523 1348 -9035
2001 524 0
524 1729 -35
524 1603 -6633
524 1742 -2736
524 1029 -4591
524 1197 -5144
524 1335 -8235
524 1374 -6866
2001 525 0
525 1508 -3031
525 1165 -9410
525 1749 -2430
525 1699 -3912
2001 526 0
526 1202 -6449
526 1137 -8354
526 1923 -6860
526 1767 -4755
526 1048 -6993
526 1017 -7157
526 1129 -9825
526 1441 -5875
526 1250 -2060
2001 527 0
527 1775 -297
527 1352 -1552
527 1646 -4810
527 1541 -5512
527 1167 -130
527 1847 -2
527 1572 -2810
2001 528 0
528 1342 -9655
528 1828 -1308
528 1088 -9782
528 1523 -9074
528 1412 -2818
528 1945 -7281
528 1582 -3841
2001 529 0
529 1698 -4259
529 1765 -6854
529 1426 -6901
529 1380 -9850
529 1565 -2319
529 1301 -3080
2001 530 0
530 1977 -953
530 1268 -2902
530 1500 -3343
530 1373 -8081
530 1905 -8733
530 1834 -8955
530 1698 -8040
530 1435 -6752
2001 531 0
531 1507 -4548
531 1380 -4317
531 1780 -1562
531 1811 -1249
531 1536 -7552
531 1083 -8820
2001 532 0
532 1723 -4624
532 1255 -6945
532 1588 -3797
532 1375 -2669
532 1917 -6079
2001 533 0
533 1889 -9447
533 1803 -7075
533 1202 -1097
533 1546 -229
2001 534 0
534 1984 -5042
534 1713 -4137
2001 535 0
535 1743 -9712
535 1338 -9752
535 1771 -2843
2001 536 0
536 1479 -1706
536 1221 -3928
536 1844 -4163
536 1425 -1804
2001 537 0
537 1482 -769
537 1918 -9225
537 1435 -1682
2001 538 0
538 1582 -3300
538 1285 -6413
538 1425 -2538
2001 539 0
539 1081 -5120
539 1760 -4506
539 1091 -4619
539 1107 -9131
539 1520 -1931
2001 540 0
540 1399 -9840
540 1151 -5437
540 1154 -404
540 1499 -8492
540 1984 -3664
2001 541 0
541 1521 -7414
541 1492 -5742
541 1143 -9133
2001 542 0
542 1561 -1098
542 1004 -2441
542 1432 -4721
542 1094 -7353
542 1642 -3279
542 1797 -7407
2001 543 0
543 1794 -8495
543 1992 -6767
543 1177 -3142
543 1225 -6619
543 1540 -5721
543 1595 -1886
543 1608 -1489
2001 544 0
544 1881 -2819
544 1114 -2220
544 1779 -6505
544 1806 -5750
544 1471 -9646
544 1677 -2853
544 1797 -7534
2001 545 0
545 1698 -3485
545 1283 -2065
545 1658 -8324
545 1349 -5063
545 1694 -5660
545 1122 -3283
545 1696 -3812
2001 546 0
546 1321 -2508
546 1203 -3796
546 1920 -8007
546 1938 -8372
546 1546 -3921
546 1870 -4950
2001 547 0
547 1134 -3097
547 1978 -1450
547 1260 -5065
547 1142 -4846
547 1020 -8037
547 1716 -1082
547 1955 -2502
547 1719 -6182
2001 548 0
548 1249 -4813
548 1325 -3536
548 1126 -7959
548 1341 -9563
548 1633 -8513
2001 549 0
549 1125 -4615
549 1349 -1535
549 1948 -2143
549 1167 -2681
2001 550 0
550 1973 -8466
550 1662 -2888
550 1063 -6913
550 1176 -7750
2001 551 0
551 1357 -7234
551 1333 -9068
551 1996 -6269
551 1257 -5226
551 1254 -967
551 1266 -5211
2001 552 0
552 1175 -178
552 1770 -6114
552 1321 -4761
552 1648 -4432
552 1040 -4408
2001 553 0
553 1117 -8249
553 1441 -6024
553 1696 -9038
553 1604 -6763
553 1932 -2835
2001 554 0
554 1489 -4442
554 1816 -217
554 1771 -7464
554 1135 -8718
554 1155 -913
554 1438 -8821
554 1772 -7814
554 1804 -9393
2001 555 0
555 1045 -4486
555 1799 -5761
555 1979 -5811
2001 556 0
556 1871 -6522
556 1825 -2803
556 1036 -6272
556 1568 -1339
556 1447 -820
2001 557 0
557 1615 -9293
557 1412 -819
557 1767 -2203
557 1167 -674
557 1144 -7244
2001 558 0
558 1843 -4621
558 1387 -1885
558 1456 -2920
2001 559 0
559 1287 -4599
559 1392 -4201
2001 560 0
560 1335 -5029
2001 561 0
561 1747 -417
561 1381 -4133
2001 562 0
562 1427 -2492
562 1360 -1616
562 1349 -3506
562 1419 -6826
562 1723 -4151
562 1421 -379
2001 563 0
563 1200 -8523
563 1493 -4788
563 1715 -2193
563 1901 -2889
563 1935 -628
563 1509 -3231
2001 564 0
564 1619 -55
564 1433 -4502
564 1924 -524
564 1989 -8568
2001 565 0
565 1181 -9896
565 1268 -9410
565 1502 -4493
2001 566 0
566 1139 -2986
566 1855 -9172
2001 567 0
567 1869 -8652
567 1377 -5179
567 1218 -2927
2001 568 0
568 1494 -3364
568 1930 -1450
568 1605 -1430
568 1521 -5858
568 1089 -2844
568 1069 -9962
568 1547 -3603
2001 569 0
569 1233 -7252
569 1874 -8618
569 1498 -9116
569 1932 -1120
569 1750 -2507
569 1114 -7918
2001 570 0
570 1754 -6129
570 1224 -9107
570 1694 -357
570 1143 -94
570 1622 -5511
570 1702 -1525
570 1918 -3566
570 1675 -3788
2001 571 0
571 1835 -3624
2001 572 0
572 1710 -3975
572 1005 -4914
572 1688 -9064
2001 573 0
573 1350 -5484
573 1246 -3219
573 1897 -9741
573 1882 -1780
573 1484 -2878
573 1860 -4830
573 1275 -7206
2001 574 0
574 1297 -9827
574 1544 -5724
574 1079 -5748
574 1695 -248
574 1008 -1510
574 1403 -5714
574 1779 -670
574 1715 -9707
2001 575 0
575 1879 -4279
575 1181 -7571
575 1793 -105
575 1768 -3578
575 1930 -4711
575 1674 -8433
575 1546 -2905
575 1867 -6266
2001 576 0
576 1118 -143
2001 577 0
577 1219 -4293
577 1289 -2023
577 1184 -9353
577 1308 -3029
2001 578 0
578 1735 -6275
578 1587 -3531
578 1703 -1964
578 1728 -4446
578 1686 -4772
2001 579 0
579 1456 -7278
579 1182 -3420
579 1464 -8010
579 1949 -6579
579 1579 -7239
2001 580 0
580 1790 -4043
2001 581 0
581 1382 -2915
581 1281 -9525
581 1501 -7879
581 1788 -6562
2001 582 0
582 1841 -4517
582 1013 -2882
582 1230 -23
582 1122 -235
582 1447 -7015
582 1244 -383
582 1649 -6246
2001 583 0
583 1695 -3722
583 1082 -2338
583 1803 -3276
583 1008 -37
2001 584 0
584 1409 -5748
584 1292 -6556
584 1502 -5790
584 1631 -9739
584 1157 -9749
584 1190 -4268
584 1643 -9295
2001 585 0
585 1009 -1375
585 1194 -7023
585 1521 -7839
585 1906 -2672
2001 586 0
586 1097 -6767
586 1327 -9471
586 1593 -748
586 1968 -1715
586 1369 -7140
2001 587 0
587 1795 -2821
587 1285 -1036
587 1543 -7142
587 1244 -9993
587 1125 -8059
2001 588 0
588 1400 -2642
588 1164 -6142
588 1487 -6107
2001 589 0
589 1362 -6658
589 1866 -3241
589 1678 -3055
2001 590 0
590 1874 -2776
590 1292 -3921
590 1401 -5913
590 1946 -1788
590 1379 -1725
590 1754 -7489
590 1231 -405
2001 591 0
591 1859 -6886
591 1026 -4698
591 1559 -2950
591 1328 -884
591 1208 -8891
591 1154 -8296
2001 592 0
592 1692 -4418
592 1047 -5834
2001 593 0
593 1623 -1018
593 1665 -7287
593 1329 -922
2001 594 0
594 1733 -5557
594 1837 -6285
594 1704 -2562
594 1853 -391
594 1123 -8245
2001 595 0
595 1523 -2580
595 1665 -5133
595 1791 -2419
595 1893 -7701
2001 596 0
596 1252 -7621
596 1664 -7825
596 1446 -2337
596 1056 -9827
2001 597 0
597 1478 -4834
597 1577 -861
597 1244 -5533
597 1538 -1159
597 1485 -9757
597 1365 -4674
597 1406 -3092
2001 598 0
598 1341 -5705
598 1148 -9635
598 1538 -5289
598 1650 -5284
2001 599 0
599 1567 -986
599 1844 -5938
599 1370 -4545
599 1965 -7279
2001 600 0
600 1310 -6376
600 1686 -2151
600 1277 -6298
2001 601 0
601 1229 -2445
601 1258 -2242
2001 602 0
602 1336 -4950
602 1237 -3144
2001 603 0
603 1466 -7089
603 1270 -9409
603 1823 -4977
603 1565 -196
603 1794 -2761
603 1662 -5829
2001 604 0
604 1479 -8795
604 1534 -6657
604 1704 -6974
604 1943 -3054
2001 605 0
605 1503 -6584
605 1978 -7291
605 1873 -4765
2001 606 0
606 1255 -6937
606 1825 -1067
2001 607 0
607 1447 -5883
607 1269 -5244
607 1481 -3229
607 1046 -8473
607 1443 -5444
607 1785 -2605
2001 608 0
608 1921 -8927
608 1705 -9029
608 1973 -2426
2001 609 0
609 1698 -9949
609 1303 -5600
609 1279 -6344
609 1150 -1513
2001 610 0
610 1370 -8822
610 1150 -5331
610 1937 -9430
610 1139 -6105
610 1076 -8202
610 1340 -3799
610 1825 -5105
2001 611 0
611 1125 -7776
611 1795 -5087
2001 612 0
612 1135 -3925
612 1504 -5872
612 1720 -2399
612 1578 -1249
612 1541 -1922
2001 613 0
613 1705 -2897
613 1877 -3860
613 1193 -9638
613 1947 -3853
613 1716 -4432
613 1135 -5745
2001 614 0
614 1639 -3290
614 1274 -1558
614 1952 -2415
614 1011 -4030
614 1071 -4162
614 1258 -7093
2001 615 0
615 1969 -1403
615 1325 -5738
615 1030 -1620
615 1318 -1094
615 1883 -8575
2001 616 0
616 1765 -108
616 1897 -4921
616 1473 -7949
616 1133 -4552
2001 617 0
617 1035 -4188
617 1082 -7628
617 1645 -6934
617 1620 -5344
2001 618 0
618 1086 -3956
618 1919 -9618
618 1430 -5432
618 1049 -4450
618 1321 -731
618 1277 -4786
618 1354 -9391
618 1651 -5306
618 1821 -2365
618 1148 -9662
618 1412 -2275
2001 619 0
619 1928 -447
619 1216 -9954
619 1838 -84
619 1246 -8061
619 1596 -7217
619 1857 -9542
619 1402 -2334
2001 620 0
620 1704 -4051
620 1209 -7034
620 1011 -9789
620 1483 -8146
2001 621 0
621 1462 -6480
621 1961 -8824
621 1433 -8852
2001 622 0
622 1289 -275
622 1956 -5414
622 1352 -8250
622 1931 -4598
622 1804 -7385
622 1038 -830
622 1971 -5053
2001 623 0
623 1109 -2702
623 1369 -140
623 1262 -6830
623 1001 -8826
623 1512 -3402
623 1413 -338
623 1783 -3727
623 1744 -5874
623 1819 -3613
2001 624 0
624 1854 -1319
624 1926 -714
624 1990 -985
624 1621 -3916
624 1243 -2937
624 1214 -428
624 1362 -9214
624 1847 -9577
624 1676 -4577
2001 625 0
625 1486 -9086
625 1609 -2173
625 1190 -6707
625 1992 -2713
625 1479 -5919
625 1131 -3916
625 1906 -7776
625 1960 -6084
625 1714 -9963
625 1236 -3463
625 1968 -1939
2001 626 0
626 1695 -737
626 1780 -933
626 1421 -5782
2001 627 0
627 1416 -881
627 1712 -5219
627 1112 -9734
2001 628 0
628 1868 -771
628 1705 -3792
628 1079 -6959
628 1236 -5898
628 1358 -4985
628 1667 -9114
2001 629 0
629 1071 -114
629 1446 -488
629 1541 -4977
629 1802 -3792
2001 630 0
630 1809 -8625
630 1998 -9102
2001 631 0
631 1966 -1796
631 1722 -202
631 1463 -3973
631 1329 -4030
631 1414 -7763
631 1922 -9642
631 1322 -7234
631 1588 -1170
2001 632 0
632 1938 -9800
632 1353 -2885
632 1123 -3481
632 1547 -9332
632 1646 -2850
2001 633 0
633 1800 -2918
633 1466 -3424
633 1263 -4585
633 1225 -153
633 1087 -1940
633 1974 -6684
633 1365 -6184
2001 634 0
634 1546 -8030
634 1913 -4257
634 1159 -1285
634 1882 -9072
634 1370 -2795
634 1269 -3280
2001 635 0
635 1936 -4117
635 1338 -9489
635 1322 -7418
635 1647 -3601
635 1026 -4762
635 1458 -9388
2001 636 0
636 1748 -6030
636 1895 -7428
636 1133 -8009
636 1584 -9309
2001 637 0
637 1257 -9048
637 1063 -7710
637 1690 -4601
637 1869 -871
637 1459 -7567
637 1783 -7429
637 1288 -1967
2001 638 0
638 1240 -4004
638 1012 -6073
638 1680 -6180
638 1874 -7637
638 1030 -7212
2001 639 0
639 1642 -1088
639 1868 -2218
639 1751 -9652
2001 640 0
640 1228 -4284
640 1115 -4364
640 1361 -5475
640 1180 -130
640 1720 -5197
2001 641 0
641 1005 -6249
641 1010 -7090
641 1554 -8985
641 1123 -6279
2001 642 0
642 1947 -7698
642 1385 -7708
642 1244 -3786
642 1987 -4262
2001 643 0
643 1942 -3159
643 1339 -5349
643 1807 -4121
2001 644 0
644 1102 -6660
644 1484 -5746
644 1858 -501
644 1077 -9177
2001 645 0
645 1096 -662
645 1601 -2027
645 1050 -1694
645 1519 -2103
645 1045 -1119
645 1399 -841
2001 646 0
646 1087 -7760
646 1732 -6585
646 1698 -1365
646 1667 -6717
646 1921 -1068
646 1656 -5131
2001 647 0
647 1577 -6685
647 1784 -5501
2001 648 0
648 1562 -9531
648 1043 -9463
2001 649 0
649 1055 -4405
649 1139 -9582
649 1573 -6007
649 1136 -1127
649 1070 -1379
2001 650 0
650 1972 -2326
650 1443 -5259
650 1327 -3422
650 1921 -4001
650 1911 -8222
650 1287 -7721
2001 651 0
651 1649 -5686
651 1813 -3209
651 1577 -5645
651 1062 -7014
651 1223 -9517
651 1904 -7673
2001 652 0
652 1262 -1373
652 1505 -5085
2001 653 0
653 1489 -6255
653 1768 -4916
653 1457 -5364
653 1779 -1653
653 1410 -269
653 1138 -9212
653 1236 -4436
653 1971 -1083
653 1018 -9113
2001 654 0
654 1683 -5422
654 1928 -5368
654 1279 -6850
654 1837 -2822
654 1959 -1876
654 1540 -9469
654 1436 -7099
654 1682 -9250
654 1445 -69
654 1372 -2017
2001 655 0
655 1750 -7542
655 1942 -9454
655 1484 -1190
2001 656 0
656 1408 -5132
656 1200 -8318
656 1398 -4380
656 1920 -2837
656 1604 -6519
2001 657 0
657 1592 -7775
657 1644 -6513
657 1499 -3770
657 1404 -1742
657 1363 -2609
2001 658 0
658 1920 -2382
658 1815 -7737
658 1746 -1084
658 1315 -3640
658 1987 -5881
658 1590 -6396
2001 659 0
659 1665 -9190
659 1911 -7116
659 1137 -1588
659 1065 -94
659 1707 -1200
659 1124 -7536
2001 660 0
660 1405 -3021
660 1080 -1203
660 1119 -1501
660 1630 -1770
660 1663 -78
660 1740 -6354
660 1272 -2430
660 1444 -5856
660 1793 -4511
2001 661 0
661 1618 -5375
661 1658 -2834
661 1485 -8156
661 1562 -3959
2001 662 0
662 1937 -4147
662 1525 -4364
662 1442 -116
662 1084 -6132
662 1950 -7174
662 1956 -7402
662 1776 -1729
2001 663 0
663 1719 -854
663 1753 -1488
663 1462 -1197
2001 664 0
664 1568 -8606
2001 665 0
665 1197 -4514
665 1935 -4314
665 1969 -3485
665 1330 -7093
665 1689 -8533
665 1905 -9172
665 1462 -3971
665 1265 -532
2001 666 0
666 1284 -9874
666 1866 -9369
666 1167 -9888
666 1466 -5679
666 1594 -911
666 1312 -1491
2001 667 0
667 1541 -5392
667 1018 -4296
667 1971 -8078
667 1739 -1694
667 1467 -1252
667 1359 -8337
2001 668 0
668 1349 -3907
668 1358 -9715
668 1365 -6093
668 1961 -411
2001 669 0
669 1856 -3811
669 1802 -1750
669 1833 -7928
669 1152 -8306
669 1260 -5305
669 1974 -2124
2001 670 0
670 1224 -3837
670 1456 -8025
670 1792 -357
2001 671 0
671 1320 -1923
671 1960 -10000
671 1851 -5526
671 1489 -4098
671 1575 -5080
671 1817 -2288
2001 672 0
672 1795 -6831
672 1954 -8818
672 1998 -3984
672 1082 -9628
672 1406 -4958
2001 673 0
673 1589 -6578
673 1901 -9264
673 1836 -5498
2001 674 0
674 1570 -1888
674 1883 -7752
2001 675 0
675 1743 -5167
675 1365 -2537
675 1776 -9998
675 1541 -4969
675 1434 -4410
2001 676 0
676 1105 -5855
676 1464 -6528
676 1910 -5352
676 1385 -1158
676 1025 -4774
2001 677 0
677 1835 -1807
677 1413 -6937
677 1177 -2402
2001 678 0
678 1874 -5802
678 1129 -2447
2001 679 0
679 1514 -5806
679 1941 -4094
679 1564 -5305
679 1905 -4047
679 1285 -2967
679 1546 -4086
2001 680 0
680 1488 -4689
680 1643 -9493
680 1679 -5499
680 1551 -5518
680 1944 -5582
680 1128 -93
680 1524 -352
680 1982 -8427
2001 681 0
681 1655 -3255
681 1989 -8375
681 1269 -529
681 1260 -1494
681 1628 -6598
681 1418 -9462
681 1499 -5828
681 1538 -4964
681 1017 -9825
681 1664 -6055
2001 682 0
682 1033 -5156
682 1279 -710
682 1298 -1714
682 1615 -8711
2001 683 0
683 1122 -892
683 1469 -1754
683 1114 -6004
683 1097 -1480
2001 684 0
684 1443 -6657
684 1145 -897
684 1025 -2258
684 1279 -3711
684 1431 -4883
2001 685 0
685 1344 -5338
685 1659 -2621
685 1434 -6015
2001 686 0
686 1310 -9418
686 1859 -1381
2001 687 0
687 1468 -5862
687 1846 -2716
687 1842 -4413
687 1576 -9773
2001 688 0
688 1644 -3547
688 1297 -3339
688 1990 -9027
688 1863 -649
688 1978 -4239
2001 689 0
689 1828 -3154
689 1516 -7553
689 1949 -1800
689 1486 -7567
689 1337 -9540
689 1342 -2987
689 1422 -9417
689 1097 -3525
689 1492 -6096
2001 690 0
2001 691 0
691 1849 -5209
691 1388 -9096
2001 692 0
692 1433 -4772
692 1634 -667
692 1825 -2803
692 1355 -2860
692 1903 -8173
692 1909 -78
2001 693 0
693 1346 -4965
693 1281 -2020
693 1597 -8160
693 1351 -3796
693 1381 -2733
693 1545 -9739
2001 694 0
694 1262 -4174
694 1238 -3247
694 1594 -4867
2001 695 0
695 1354 -4432
695 1722 -9776
695 1349 -2673
695 1481 -478
695 1415 -9348
695 1630 -8643
2001 696 0
696 1396 -4615
696 1141 -5502
696 1669 -1815
696 1520 -9736
696 1385 -191
2001 697 0
697 1701 -2169
2001 698 0
698 1506 -1479
698 1285 -8803
2001 699 0
699 1062 -2053
699 1990 -9523
699 1959 -3329
2001 700 0
700 1305 -2265
700 1387 -4849
700 1141 -2943
700 1483 -2561
700 1996 -1913
2001 701 0
701 1941 -2265
701 1097 -990
701 1812 -2784
701 1252 -2322
701 1496 -7978
701 1957 -8948
701 1964 -9483
701 1488 -1399
2001 702 0
702 1886 -7237
702 1019 -61
702 1830 -9667
2001 703 0
703 1274 -4957
703 1959 -9583
703 1970 -5445
703 1563 -9845
703 1209 -7062
703 1412 -4965
703 1031 -8371
2001 704 0
704 1483 -5848
704 1552 -3078
704 1208 -1451
704 1862 -3445
2001 705 0
705 1436 -1714
705 1918 -4969
2001 706 0
706 1739 -710
706 1482 -256
706 1711 -8534
2001 707 0
707 1887 -7363
707 1324 -5804
707 1323 -6937
707 1288 -6167
2001 708 0
708 1406 -8515
708 1566 -4526
708 1070 -6368
708 1210 -1226
708 1410 -3794
708 1008 -3992
708 1393 -3202
2001 709 0
709 1474 -172
709 1364 -5796
709 1123 -480
709 1396 -3969
709 1371 -1318
2001 710 0
710 1042 -2949
710 1990 -3244
710 1311 -2652
2001 711 0
711 1509 -3594
711 1973 -4064
711 1449 -6126
711 1920 -1922
2001 712 0
712 1895 -3862
712 1011 -5917
2001 713 0
713 1628 -2941
713 1787 -7017
713 1737 -8312
713 1206 -5659
713 1456 -4567
713 1133 -913
2001 714 0
714 1733 -9480
714 1268 -212
714 1846 -2482
714 1199 -1072
2001 715 0
715 1232 -4993
715 1813 -2713
715 1650 -3099
2001 716 0
716 1104 -8257
716 1316 -1142
716 1126 -2656
716 1504 -4504
2001 717 0
717 1974 -3989
717 1467 -7695
717 1014 -8673
717 1676 -1302
2001 718 0
718 1555 -2998
718 1159 -914
718 1925 -1389
718 1462 -7178
718 1680 -3618
718 1602 -2189
718 1430 -2064
718 1508 -4451
718 1990 -6588
718 1133 -5750
2001 719 0
719 1627 -3582
719 1081 -3576
719 1113 -4543
719 1966 -2024
719 1112 -1443
719 1615 -758
719 1145 -1971
719 1826 -5936
719 1625 -9771
2001 720 0
720 1922 -6740
720 1697 -691
720 1034 -6578
720 1288 -6399
720 1468 -2316
720 1702 -9619
2001 721 0
721 1073 -2849
721 1939 -6344
721 1456 -7438
2001 722 0
722 1195 -7343
722 1242 -7676
722 1083 -1565
722 1616 -37
722 1547 -4530
722 1959 -2437
2001 723 0
723 1393 -8032
723 1033 -2041
723 1018 -183
723 1297 -1632
723 1227 -9178
723 1645 -1188
723 1396 -633
723 1759 -7149
2001 724 0
724 1886 -7209
724 1098 -8932
724 1414 -2671
724 1816 -335
724 1889 -2906
2001 725 0
725 1780 -1962
725 1589 -1010
725 1747 -6053
2001 726 0
726 1202 -9140
726 1065 -7746
726 1050 -1805
726 1309 -9595
726 1652 -6590
726 1601 -5155
2001 727 0
727 1322 -8711
727 1023 -5279
727 1778 -7827
727 1583 -1478
727 1978 -5807
2001 728 0
728 1972 -5925
728 1154 -4847
728 1555 -7411
728 1491 -8146
728 1811 -6032
728 1431 -4397
728 1986 -2618
728 1310 -4472
2001 729 0
729 1145 -619
729 1916 -5790
729 1397 -198
729 1001 -9537
729 1562 -4037
729 1870 -936
729 1181 -24
729 1273 -2868
2001 730 0
730 1712 -9515
730 1503 -5976
730 1886 -1484
2001 731 0
731 1513 -1418
731 1626 -8910
731 1425 -9599
731 1817 -4507
731 1265 -5268
731 1082 -4570
2001 732 0
732 1668 -3399
732 1470 -6849
732 1712 -9428
732 1374 -9633
732 1523 -8217
732 1286 -6388
732 1851 -8817
2001 733 0
733 1460 -12
733 1566 -6653
733 1764 -1290
733 1231 -3682
733 1110 -6172
2001 734 0
734 1433 -1087
734 1810 -7767
734 1107 -5237
2001 735 0
735 1886 -2277
735 1645 -2527
735 1226 -7874
2001 736 0
736 1278 -4628
736 1086 -6367
736 1631 -9811
736 1737 -6019
736 1120 -7693
736 1276 -3261
2001 737 0
737 1148 -2800
737 1042 -5711
737 1212 -2620
737 1256 -7027
2001 738 0
738 1325 -6983
738 1426 -9736
738 1436 -8478
738 1575 -1192
2001 739 0
739 1442 -567
739 1495 -560
739 1463 -4093
739 1050 -101
739 1369 -561
739 1912 -7576
739 1968 -7040
739 1043 -6450
739 1768 -5363
2001 740 0
740 1517 -625
740 1618 -5804
2001 741 0
741 1158 -5910
741 1556 -199
2001 742 0
742 1665 -778
742 1716 -8502
742 1426 -6686
742 1850 -5887
742 1819 -2279
742 1034 -1776
2001 743 0
743 1782 -932
743 1721 -1366
743 1242 -7594
743 1051 -7855
743 1777 -9550
743 1210 -9125
743 1949 -4327
743 1886 -3309
743 1233 -7989
743 1038 -6928
2001 744 0
744 1186 -3028
744 1038 -9991
744 1898 -4047
744 1187 -8288
744 1107 -4528
2001 745 0
745 1962 -2350
745 1566 -3287
745 1269 -9583
2001 746 0
746 1742 -1065
746 1698 -1395
746 1691 -6620
746 1586 -2816
746 1466 -3927
746 1485 -8117
746 1587 -2767
746 1251 -9732
746 1309 -2459
2001 747 0
747 1950 -9353
747 1686 -4004
747 1416 -1986
747 1600 -2083
747 1817 -8290
2001 748 0
748 1917 -7551
748 1370 -8042
748 1177 -1713
748 1757 -1020
748 1513 -7445
748 1616 -2657
2001 749 0
749 1041 -6173
749 1772 -448
749 1079 -2895
749 1011 -1922
749 1406 -4109
2001 750 0
750 1602 -45
750 1071 -1579
750 1745 -4044
750 1819 -8582
2001 751 0
751 1639 -1843
751 1432 -5500
2001 752 0
752 1414 -7734
752 1078 -4356
752 1301 -9717
752 1621 -2649
752 1085 -1595
2001 753 0
753 1987 -3629
753 1679 -7438
753 1943 -4369
753 1195 -3508
2001 754 0
754 1589 -4148
754 1330 -2375
754 1131 -1213
754 1776 -8975
754 1912 -469
754 1908 -127
2001 755 0
755 1006 -8138
755 1351 -8346
755 1574 -254
755 1407 -948
755 1502 -4497
755 1928 -4822
755 1980 -5177
755 1861 -1936
2001 756 0
756 1931 -8178
756 1952 -135
756 1753 -2474
756 1593 -7930
756 1595 -7204
756 1143 -4114
756 1041 -7676
2001 757 0
757 1617 -4303
757 1062 -1142
2001 758 0
758 1593 -2433
758 1457 -4673
758 1900 -3195
2001 759 0
759 1921 -7053
759 1813 -2765
759 1328 -4512
759 1634 -8892
759 1905 -5878
2001 760 0
760 1557 -6075
760 1032 -1050
760 1393 -685
2001 761 0
761 1796 -5872
761 1750 -7420
761 1352 -5383
761 1683 -1079
761 1991 -4005
761 1436 -7641
2001 762 0
762 1279 -8230
762 1399 -1255
762 1616 -8016
762 1254 -7123
762 1087 -1199
2001 763 0
763 1760 -4676
763 1099 -1860
763 1900 -1388
763 1298 -1184
763 1919 -6617
763 1095 -1399
763 1849 -7782
2001 764 0
764 1907 -8294
764 1479 -174
764 1627 -3166
764 1722 -2184
764 1897 -9104
764 1852 -1697
2001 765 0
765 1181 -7064
765 1355 -4478
765 1849 -9905
765 1675 -6173
765 1678 -5989
765 1536 -3259
765 1123 -8881
765 1447 -8185
765 1103 -7105
765 1509 -8346
765 1101 -6592
2001 766 0
766 1294 -1930
766 1196 -960
766 1851 -3310
766 1055 -3033
766 1257 -7844
766 1116 -387
766 1046 -9048
2001 767 0
767 1627 -4357
2001 768 0
768 1799 -4653
2001 769 0
769 1870 -931
769 1845 -4872
769 1007 -1107
769 1971 -125
769 1707 -1088
769 1445 -3061
2001 770 0
770 1852 -2111
770 1901 -7816
770 1095 -509
770 1952 -6030
770 1943 -5863
770 1719 -9544
770 1884 -8542
770 1936 -8341
2001 771 0
771 1068 -7067
771 1673 -5809
771 1082 -3408
771 1752 -3184
2001 772 0
772 1235 -7069
772 1816 -1740
772 1234 -8101
772 1007 -3939
772 1167 -5684
772 1763 -9561
772 1290 -2630
772 1680 -3308
2001 773 0
773 1100 -4073
773 1583 -1260
773 1961 -3909
773 1305 -9154
2001 774 0
774 1897 -851
774 1664 -5366
774 1134 -5990
774 1745 -4361
774 1045 -4058
774 1912 -879
774 1008 -5057
774 1978 -3833
774 1269 -3810
774 1477 -2620
774 1010 -4895
774 1348 -6295
774 1945 -4818
2001 775 0
775 1090 -4794
775 1784 -4412
775 1635 -864
775 1687 -7388
775 1277 -2012
2001 776 0
776 1496 -5132
776 1805 -5448
776 1567 -9311
776 1907 -6319
776 1747 -1023
776 1354 -4339
776 1097 -8573
776 1985 -7600
2001 777 0
777 1312 -6526
777 1681 -6176
777 1523 -3910
777 1819 -7413
777 1788 -2004
777 1086 -364
777 1101 -330
777 1845 -5651
2001 778 0
778 1954 -6066
778 1528 -140
2001 779 0
779 1884 -802
779 1270 -3045
779 1076 -5569
779 1035 -1061
2001 780 0
780 1879 -3648
780 1671 -6654
780 1753 -4377
780 1430 -2104
2001 781 0
781 1128 -2641
781 1116 -6309
781 1925 -5436
781 1631 -5386
2001 782 0
782 1785 -7180
782 1153 -4766
782 1075 -846
782 1386 -5490
782 1467 -2315
782 1215 -5019
2001 783 0
783 1299 -2978
783 1059 -8387
783 1820 -3470
783 1221 -4802
783 1384 -6380
2001 784 0
784 1126 -8254
784 1582 -2358
2001 785 0
785 1748 -6322
785 1660 -4235
785 1807 -7666
785 1229 -1582
785 1472 -3791
785 1766 -779
2001 786 0
786 1001 -323
786 1291 -6757
786 1825 -2430
786 1032 -4510
786 1999 -2004
2001 787 0
787 1449 -5203
787 1336 -8391
787 1501 -277
787 1071 -4284
787 1739 -4884
2001 788 0
788 1990 -1502
788 1886 -7319
788 1792 -6391
788 1989 -46
788 1102 -1756
788 1269 -1932
788 1476 -4795
788 1856 -6464
788 1313 -5355
788 1523 -9725
2001 789 0
789 1221 -2668
789 1426 -6504
789 1922 -3969
2001 790 0
790 1501 -186
790 1446 -6847
790 1443 -727
790 1988 -7483
790 1809 -6173
2001 791 0
791 1353 -3055
791 1145 -3864
791 1051 -1068
791 1112 -3129
791 1074 -6460
791 1596 -7690
2001 792 0
792 1438 -2619
792 1140 -687
2001 793 0
793 1733 -1082
793 1863 -65
793 1958 -2888
793 1080 -8452
793 1008 -9941
793 1613 -4124
793 1494 -4603
793 1060 -7413
2001 794 0
794 1152 -932
794 1293 -5565
794 1139 -4819
794 1039 -3690
794 1173 -1066
794 1775 -4449
2001 795 0
795 1876 -9596
795 1780 -9251
795 1430 -8495
795 1718 -749
795 1485 -4189
2001 796 0
796 1304 -307
796 1791 -7010
796 1992 -51
796 1418 -7629
796 1388 -3984
2001 797 0
797 1939 -4459
797 1424 -8599
797 1762 -8468
797 1759 -9944
797 1546 -3212
797 1292 -6254
2001 798 0
798 1604 -9670
798 1118 -2628
798 1237 -5296
2001 799 0
799 1836 -9889
799 1546 -7188
799 1584 -5743
2001 800 0
800 1450 -9277
800 1599 -4714
800 1343 -4549
800 1545 -7283
800 1264 -2397
2001 801 0
801 1586 -1972
801 1527 -1721
801 1571 -5038
2001 802 0
802 1761 -1928
802 1844 -1739
802 1109 -3370
802 1704 -5041
802 1071 -8598
802 1680 -7432
802 1497 -2370
2001 803 0
803 1940 -981
803 1460 -2437
803 1096 -5598
803 1915 -2844
803 1883 -4410
803 1660 -745
803 1965 -9029
803 1236 -3742
803 1239 -417
2001 804 0
804 1490 -8055
804 1259 -5591
804 1561 -7869
2001 805 0
805 1802 -9896
805 1525 -9628
805 1647 -4721
805 1966 -476
805 1550 -5115
805 1488 -8785
805 1239 -2082
805 1580 -3393
2001 806 0
806 1377 -2131
806 1507 -7546
806 1182 -7805
806 1145 -2079
806 1588 -1583
806 1614 -3091
2001 807 0
807 1903 -7733
807 1478 -700
807 1384 -7860
2001 808 0
808 1708 -8145
808 1551 -7165
808 1733 -6399
808 1164 -1379
808 1323 -7329
2001 809 0
809 1838 -7562
809 1293 -1587
809 1773 -4732
809 1756 -8269
2001 810 0
810 1321 -3532
810 1503 -2181
810 1144 -3948
810 1861 -85
810 1718 -465
2001 811 0
811 1684 -423
811 1469 -5427
811 1474 -8027
811 1732 -8195
811 1107 -4913
2001 812 0
812 1007 -5077
812 1583 -8962
2001 813 0
813 1986 -3391
813 1253 -7737
813 1211 -6141
813 1927 -9904
813 1182 -8306
813 1483 -8519
813 1154 -9693
813 1790 -4761
2001 814 0
814 1848 -8680
814 1188 -3722
814 1273 -1664
814 1924 -429
814 1064 -5706
814 1732 -6876
814 1918 -1117
814 1646 -6200
2001 815 0
815 1053 -8079
815 1160 -1383
815 1555 -4231
815 1681 -3769
815 1142 -4490
815 1255 -159
815 1736 -553
2001 816 0
816 1160 -2598
816 1656 -3561
816 1381 -8588
816 1438 -8243
816 1300 -7815
816 1182 -3962
2001 817 0
817 1906 -9729
817 1371 -5564
817 1661 -6973
817 1532 -1490
817 1390 -5341
817 1855 -6400
817 1115 -1981
2001 818 0
818 1092 -2412
818 1595 -2222
818 1063 -2563
818 1366 -1432
818 1176 -3344
818 1938 -9994
2001 819 0
819 1078 -1895
819 1576 -7008
819 1390 -4161
819 1640 -8332
2001 820 0
820 1381 -8042
820 1984 -8558
2001 821 0
821 1316 -536
821 1787 -4344
821 1345 -4555
821 1526 -2311
821 1414 -3214
821 1670 -7735
821 1309 -638
2001 822 0
822 1342 -9604
822 1480 -7010
822 1081 -2388
822 1018 -2277
822 1778 -4522
822 1896 -4128
822 1859 -73
2001 823 0
823 1809 -5062
823 1508 -4796
823 1491 -2406
823 1537 -9125
823 1295 -956
2001 824 0
824 1360 -8216
824 1335 -4049
824 1578 -539
824 1134 -9569
2001 825 0
825 1274 -830
825 1016 -9850
825 1054 -7202
825 1141 -6540
825 1179 -7633
2001 826 0
826 1801 -9016
826 1168 -9158
826 1197 -2007
2001 827 0
827 1800 -5512
827 1172 -3759
827 1741 -4304
2001 828 0
828 1959 -1425
828 1255 -4199
828 1626 -3557
828 1960 -8624
828 1681 -598
828 1310 -2004
828 1434 -1209
2001 829 0
829 1992 -6500
829 1488 -9118
2001 830 0
830 1070 -8773
830 1896 -9364
2001 831 0
831 1635 -8566
831 1764 -5673
831 1069 -3578
831 1075 -4092
831 1033 -9388
2001 832 0
832 1132 -5127
832 1916 -8260
832 1406 -5050
832 1426 -8900
832 1663 -7400
832 1538 -4933
832 1889 -5014
2001 833 0
833 1298 -6491
833 1931 -5694
833 1156 -5975
833 1325 -8771
833 1111 -5913
2001 834 0
834 1121 -7482
834 1966 -6129
834 1117 -3764
834 1549 -7661
2001 835 0
835 1733 -8160
835 1822 -2979
835 1907 -2456
835 1281 -6496
835 1497 -1195
2001 836 0
836 1175 -2992
836 2000 -6823
836 1502 -3743
836 1559 -6763
836 1039 -2433
836 1681 -5558
2001 837 0
837 1100 -7437
837 1618 -6077
837 1615 -4116
837 1938 -4693
837 1254 -3986
2001 838 0
838 1627 -2820
838 1849 -7280
838 1686 -7680
838 1449 -3632
838 1468 -2786
838 1349 -8664
838 1380 -9309
2001 839 0
839 1435 -8228
839 1780 -3141
839 1504 -6841
839 1822 -949
2001 840 0
840 1159 -9592
840 1132 -8986
840 1408 -6932
840 1471 -8998
2001 841 0
841 1520 -540
841 1675 -850
841 1581 -8138
2001 842 0
842 1100 -5553
842 1001 -6754
842 1639 -5617
842 1382 -1398
2001 843 0
843 1218 -8616
843 1016 -5688
843 1370 -5174
2001 844 0
844 1196 -7638
844 1328 -5949
844 1580 -2215
844 1097 -7048
844 1883 -9663
844 1229 -4988
2001 845 0
845 1023 -5139
845 1048 -7225
845 1011 -4756
845 1010 -443
2001 846 0
846 1255 -1016
846 1836 -9151
846 1347 -9383
846 1182 -160
846 1203 -3587
846 1427 -5672
846 1467 -6306
2001 847 0
847 1494 -6184
847 1491 -4812
847 1425 -3974
847 1163 -9592
847 1907 -1984
847 1989 -8517
847 1110 -2289
847 1255 -4915
2001 848 0
848 1152 -2933
848 1312 -8569
848 1585 -6200
2001 849 0
849 1693 -3271
849 1387 -4237
849 1995 -4292
849 1207 -3591
849 1230 -3135
2001 850 0
850 1025 -2824
850 1006 -3091
850 1175 -2750
850 1294 -9931
850 1693 -8339
850 1984 -8366
850 1844 -3654
2001 851 0
851 1084 -6646
851 1276 -5789
851 1601 -1770
851 1067 -1034
2001 852 0
852 1088 -679
852 1319 -6418
852 1176 -2156
2001 853 0
853 1933 -7886
853 1846 -8747
853 1696 -6196
853 1339 -9307
853 1875 -1859
853 1223 -969
853 1599 -4055
853 1141 -483
853 1215 -397
853 1777 -9428
853 1115 -3199
2001 854 0
854 1443 -5281
854 1843 -7882
854 1956 -9905
854 1739 -785
2001 855 0
855 1344 -3976
855 1165 -411
2001 856 0
856 1068 -7269
856 1624 -2109
2001 857 0
857 1470 -9829
857 1457 -763
857 1679 -3175
2001 858 0
858 1975 -4697
858 1125 -4756
858 1688 -4274
858 1843 -3751
858 1660 -734
858 1628 -7013
858 1415 -1985
2001 859 0
859 1640 -6242
859 1510 -1516
859 1587 -176
859 1399 -2003
2001 860 0
860 1703 -2526
860 1695 -9580
2001 861 0
861 1480 -8284
861 1967 -4112
861 1523 -6592
2001 862 0
862 1155 -865
862 1268 -9109
862 1494 -4841
862 1426 -3736
862 1219 -831
862 1734 -2158
862 1327 -416
862 1244 -1482
862 1087 -3424
2001 863 0
863 1777 -4360
863 1353 -2868
863 1924 -5106
863 1138 -4374
863 1687 -5533
2001 864 0
864 1541 -4312
864 1050 -4694
2001 865 0
865 1148 -2871
865 1740 -584
865 1318 -2471
865 1627 -8386
865 1076 -53
2001 866 0
866 1561 -1693
866 1362 -1488
866 1879 -6621
866 1161 -7107
866 1456 -2941
866 1211 -9976
866 1321 -3685
2001 867 0
867 1944 -6503
867 1480 -9604
867 1674 -8537
867 1047 -8961
867 1802 -1465
867 1938 -5976
867 1800 -781
867 1600 -2781
2001 868 0
868 1342 -4651
868 1422 -3124
2001 869 0
869 1628 -1250
869 1218 -3139
869 1671 -9319
869 1735 -7444
869 1765 -6989
2001 870 0
870 1191 -37
870 1157 -1871
870 1989 -3441
870 1479 -4555
870 1502 -773
2001 871 0
871 1290 -6433
871 1218 -1105
871 1544 -3430
871 1243 -7654
871 1730 -3825
2001 872 0
872 1538 -7737
872 1524 -5186
2001 873 0
873 1466 -2145
873 1971 -7020
873 1558 -7295
873 1513 -9415
873 1523 -4118
2001 874 0
874 1571 -3151
874 1167 -9762
874 1673 -1656
874 1418 -4014
874 1326 -4123
874 1819 -2453
2001 875 0
875 1333 -7689
875 1117 -895
875 1451 -3705
875 1899 -5305
875 1640 -5639
875 1948 -6433
875 1132 -3969
875 1957 -2056
2001 876 0
876 1610 -3793
876 1018 -6913
2001 877 0
877 1584 -985
877 1209 -2747
2001 878 0
878 1328 -7346
878 1948 -7676
878 1141 -1829
878 1684 -5909
2001 879 0
879 1208 -4442
879 1021 -392
879 1492 -152
879 1659 -7263
879 1746 -818
2001 880 0
880 1790 -3049
880 1068 -3463
880 1785 -6268
880 1087 -2936
880 1829 -7731
2001 881 0
881 1905 -3728
881 1996 -397
881 1938 -2772
881 1972 -4146
881 1216 -7944
881 1630 -5243
881 1470 -3283
2001 882 0
882 1467 -8857
882 1755 -2096
882 1318 -9979
882 1697 -9460
882 1368 -5056
2001 883 0
883 1934 -7218
883 1663 -2928
883 1897 -3870
2001 884 0
884 1641 -4048
884 1270 -4451
884 1416 -105
884 1220 -1788
2001 885 0
885 1494 -7556
885 1653 -7209
885 1783 -3707
885 1769 -6712
885 1950 -2701
2001 886 0
886 1021 -4939
886 1088 -6353
886 1579 -9918
886 1956 -3670
2001 887 0
887 1290 -5891
887 1594 -2054
887 1094 -1884
887 1418 -7233
887 1689 -4559
887 1412 -4006
887 1229 -4863
887 1038 -238
887 1956 -8375
2001 888 0
888 1186 -1662
888 1855 -3384
888 1335 -3588
888 1424 -8303
888 1066 -8867
888 1173 -5801
2001 889 0
889 1656 -5348
889 1693 -7593
889 1607 -9917
889 1231 -7673
889 1159 -2248
2001 890 0
890 1009 -2552
890 1021 -3419
2001 891 0
891 1167 -8576
891 1596 -5203
891 1498 -478
2001 892 0
892 1543 -9667
892 1502 -4578
892 1210 -8214
892 1183 -2285
892 1944 -9297
892 1608 -8324
2001 893 0
893 1044 -3472
893 1263 -9025
893 1991 -3681
893 1357 -1617
893 1374 -2116
893 1514 -9617
893 1494 -2374
893 1745 -921
893 1173 -4783
2001 894 0
894 1332 -54
894 1613 -1450
894 1569 -6787
2001 895 0
895 1853 -2168
895 1254 -6844
895 1510 -9777
895 1817 -2393
2001 896 0
896 1907 -4989
896 1462 -8055
896 1834 -5282
896 1252 -2898
896 1924 -8639
896 1342 -3108
2001 897 0
897 1176 -3935
897 1821 -6356
897 1221 -1026
897 1899 -4139
897 1913 -2343
897 1385 -9397
897 1299 -2360
2001 898 0
898 1262 -8446
898 1998 -3185
2001 899 0
899 1598 -4849
899 1437 -4747
899 1621 -9802
899 1087 -9269
899 1890 -9041
899 1307 -923
899 1350 -6746
2001 900 0
900 1256 -814
900 1564 -59
900 1560 -2089
900 1860 -2895
2001 901 0
901 1222 -9931
901 1509 -7848
901 1444 -3789
901 1921 -8635
901 1866 -179
901 1405 -2707
2001 902 0
902 1191 -9254
902 1098 -2216
902 1189 -3651
902 1903 -8953
902 1316 -6046
902 1658 -765
2001 903 0
903 1255 -6851
903 1579 -1677
903 1778 -1810
903 1746 -1182
2001 904 0
904 1488 -3523
2001 905 0
905 1710 -8568
905 1646 -5538
905 1334 -8528
905 1188 -7000
905 1287 -3712
905 1059 -5182
905 1464 -7501
905 1525 -1326
905 1099 -8779
2001 906 0
906 1502 -2712
906 1690 -970
906 1151 -3414
906 1047 -7183
2001 907 0
907 1383 -8138
907 1097 -611
907 1384 -1910
907 1599 -8329
907 1857 -7998
907 1329 -7303
907 1257 -1051
2001 908 0
908 1994 -9358
908 1561 -7820
908 1148 -2292
908 1302 -8455
2001 909 0
909 1131 -3593
909 1155 -9672
909 1145 -7805
2001 910 0
910 1150 -1856
910 1933 -6070
910 1692 -8758
910 1094 -2300
910 1262 -5069
910 1802 -3931
910 1892 -4564
910 1123 -1911
910 1948 -5802
910 1441 -200
910 1557 -413
2001 911 0
911 1751 -2933
911 1327 -6300
911 1357 -1547
911 1736 -5661
911 1310 -3607
911 1138 -8147
911 1921 -9306
2001 912 0
912 1421 -5268
912 1805 -140
912 1453 -2840
912 1825 -4980
912 1071 -2090
912 1449 -2207
912 1542 -1040
912 1224 -554
2001 913 0
913 1336 -4418
913 1620 -9874
913 1480 -2984
913 1989 -126
913 1808 -5504
2001 914 0
914 1958 -6099
914 1792 -5082
914 1014 -6896
914 1192 -4874
914 1764 -159
2001 915 0
915 1416 -9044
915 1653 -1271
915 1214 -5502
915 1626 -218
2001 916 0
916 1343 -4111
916 1584 -1734
916 1980 -9695
916 1241 -5024
916 1528 -1528
916 1015 -5151
916 1311 -3416
916 1963 -8547
916 1039 -4190
916 1907 -2135
2001 917 0
917 1476 -958
917 1304 -5343
917 1497 -5991
917 1537 -6580
917 1271 -2635
917 1667 -3608
917 1654 -4207
2001 918 0
918 1908 -3117
918 1773 -9878
918 1717 -6187
918 1743 -4626
918 1120 -4504
918 1345 -193
918 1008 -3799
2001 919 0
919 1505 -2419
919 1040 -5047
919 1345 -3567
2001 920 0
920 1437 -8470
920 1216 -566
920 1118 -507
920 1038 -1475
920 1520 -4921
920 1763 -9223
2001 921 0
921 1598 -7173
921 1695 -8566
921 1859 -8939
921 1185 -2659
921 1944 -769
921 1205 -89
921 1593 -2841
921 1639 -9219
2001 922 0
922 1806 -4294
922 1581 -2139
922 1606 -3855
922 1151 -6490
922 1033 -1301
922 1135 -5843
922 1887 -1317
922 1479 -3891
922 1674 -757
922 1091 -5276
2001 923 0
923 1915 -2639
923 1440 -7244
923 1001 -1566
923 1231 -8127
923 1278 -4892
2001 924 0
924 1729 -7768
924 1484 -321
924 1115 -8562
2001 925 0
925 1187 -6167
925 1616 -8003
925 1018 -6109
925 1104 -8453
925 1875 -5319
2001 926 0
926 1204 -4650
926 1438 -1339
926 1725 -461
926 1201 -9256
926 1017 -2752
926 1401 -3996
2001 927 0
927 1174 -9211
927 1579 -7006
927 1265 -6140
927 1934 -8328
927 1204 -2141
2001 928 0
928 1661 -5868
928 1792 -8097
928 1782 -9652
928 1988 -3962
928 1253 -8230
928 1129 -6833
2001 929 0
929 1061 -7167
929 1554 -5357
929 1144 -9074
929 1227 -475
929 1764 -1509
929 1505 -1307
929 1395 -3883
929 1812 -9532
929 1400 -7317
929 1970 -107
2001 930 0
930 1784 -6766
930 1408 -7532
930 1135 -9223
2001 931 0
931 1646 -4764
931 1282 -4560
931 1400 -7313
931 1701 -91
931 1278 -7554
2001 932 0
932 1579 -5911
932 1448 -5284
2001 933 0
933 1275 -4615
933 1614 -2209
933 1584 -7988
933 1483 -6061
2001 934 0
934 1176 -5375
934 1309 -9970
934 1423 -4326
2001 935 0
935 1925 -8443
935 1304 -373
935 1949 -4130
2001 936 0
936 1401 -7833
2001 937 0
937 1136 -3397
937 1490 -3139
937 1303 -6675
2001 938 0
938 1380 -2301
938 1007 -8201
938 1140 -9038
938 1240 -1776
938 1460 -1595
938 1705 -7678
938 1177 -5653
938 1786 -3562
2001 939 0
939 1085 -3764
939 1923 -7324
2001 940 0
940 1038 -258
940 1288 -8304
940 1967 -6315
940 1858 -3865
940 1986 -2198
940 1725 -5661
940 1326 -688
2001 941 0
941 1015 -1679
941 1492 -9628
941 1529 -9117
2001 942 0
942 1988 -570
942 1107 -1596
942 1702 -8002
942 1085 -8025
942 1921 -425
942 1187 -4370
2001 943 0
943 1541 -6005
2001 944 0
944 1531 -7635
944 1636 -4288
944 1435 -2911
944 1132 -7550
944 1685 -367
944 1408 -3749
2001 945 0
945 1647 -2405
945 1806 -4594
945 1778 -5998
945 1974 -53
945 1736 -8998
945 1926 -3180
2001 946 0
946 1966 -7847
946 1271 -4918
2001 947 0
947 1269 -8303
2001 948 0
948 1190 -7993
948 1186 -8295
948 1781 -5451
948 1125 -7158
948 1669 -1008
948 1327 -1438
948 1868 -19
948 1705 -1682
948 1269 -9011
2001 949 0
949 1879 -5414
949 1954 -2503
949 1580 -7727
949 1607 -9637
949 1943 -3657
2001 950 0
950 1905 -2666
950 1398 -8223
950 1866 -1830
950 1645 -3154
950 1382 -7336
950 1041 -3540
2001 951 0
951 1851 -1338
951 1583 -2992
951 1823 -950
951 1152 -9421
951 1771 -8179
2001 952 0
952 1579 -6696
952 1321 -5110
952 1265 -8297
952 1317 -3100
952 1887 -5634
2001 953 0
953 1861 -4932
953 1971 -4484
953 1626 -4893
2001 954 0
954 1364 -4857
954 1523 -7766
954 1528 -4354
954 1375 -9000
954 1597 -4103
2001 955 0
955 1164 -8323
955 1482 -5464
955 1721 -3449
2001 956 0
956 1834 -2977
956 1674 -1288
956 1153 -1328
2001 957 0
957 1094 -9733
957 1204 -116
957 1140 -3322
957 1959 -422
957 1513 -8001
957 1617 -3751
2001 958 0
958 1407 -6231
958 1267 -3887
958 1644 -771
958 1874 -1503
958 1563 -4250
2001 959 0
959 1840 -5574
959 1913 -9268
959 1766 -7163
959 1535 -7967
959 1056 -8322
2001 960 0
960 1369 -2492
960 1944 -7664
960 1424 -8430
960 1049 -8906
2001 961 0
961 1309 -2236
961 1571 -5176
961 1064 -8736
961 1269 -1785
961 1940 -8752
961 1271 -6380
961 1149 -8598
2001 962 0
962 1873 -4005
962 1043 -4742
2001 963 0
963 1996 -4263
963 1991 -1931
963 1783 -7467
963 1827 -5304
963 1967 -9444
963 1162 -2842
963 1220 -153
963 1117 -867
963 1315 -1615
2001 964 0
964 1253 -3307
964 1859 -5056
964 1058 -3016
964 1485 -397
964 1243 -3577
2001 965 0
965 1329 -910
965 1556 -97
965 1898 -9956
2001 966 0
966 1463 -674
966 1934 -4236
966 1673 -6112
966 1917 -4003
966 1198 -4257
966 1623 -6728
966 1206 -4046
966 1962 -6862
2001 967 0
967 1133 -9180
967 1017 -3833
2001 968 0
968 1284 -8532
968 1906 -8172
968 1102 -2533
968 1280 -2810
968 1790 -3951
2001 969 0
969 1075 -7614
969 1310 -2092
969 1890 -1007
969 1392 -9045
2001 970 0
970 1235 -491
970 1151 -7834
970 1155 -5471
970 1253 -3216
970 1931 -5785
970 1964 -706
2001 971 0
971 1533 -8273
971 1531 -7939
971 1538 -3474
971 1427 -1111
2001 972 0
972 1934 -4380
972 1164 -1190
2001 973 0
973 1814 -9918
973 1222 -677
2001 974 0
974 1199 -3838
974 1457 -462
974 1941 -4878
974 1869 -7973
974 1226 -9328
974 1696 -7335
974 1967 -7235
974 1962 -4983
974 1636 -3223
2001 975 0
975 1959 -3439
975 1333 -2939
975 1716 -804
975 1079 -8581
975 1116 -3770
975 1390 -192
975 1830 -8068
975 1704 -8509
2001 976 0
976 1594 -9424
976 1807 -645
976 1489 -6213
2001 977 0
977 1145 -5282
977 1317 -114
977 1765 -8429
977 1532 -5976
2001 978 0
978 1743 -1725
978 1163 -2146
2001 979 0
979 1303 -4685
979 1943 -7490
979 1030 -2185
2001 980 0
980 1636 -1328
980 1858 -5250
980 1286 -3371
980 1214 -9685
980 1320 -1938
2001 981 0
981 1025 -3016
981 1384 -7514
981 1625 -9930
981 1289 -7649
2001 982 0
982 1830 -7199
982 1182 -979
982 1129 -3716
982 1536 -1065
982 1886 -8015
982 1469 -8216
982 1159 -1617
2001 983 0
983 1762 -3390
983 1910 -1579
2001 984 0
984 1493 -7496
984 1497 -3871
984 1800 -8007
984 1085 -5606
984 1147 -8910
984 1622 -3222
984 1238 -1316
984 1276 -6898
2001 985 0
985 1688 -9590
985 1438 -4230
985 1515 -3822
985 1744 -2435
985 1508 -8340
2001 986 0
986 1429 -1349
986 1353 -4617
986 1576 -9994
986 1585 -8195
986 1021 -9895
2001 987 0
987 1093 -2214
987 1002 -6753
987 1775 -9842
987 1584 -4905
987 1419 -5440
987 1593 -6495
987 1455 -1146
2001 988 0
988 1839 -125
988 1540 -2297
988 1489 -7558
988 1702 -8386
988 1223 -6516
988 1314 -9346
2001 989 0
989 1692 -9752
989 1587 -8742
989 1593 -805
2001 990 0
990 1418 -5701
990 1967 -8947
990 1224 -697
990 1684 -7348
2001 991 0
991 1026 -1315
991 1840 -9365
991 1345 -9280
991 1724 -9121
2001 992 0
992 1706 -9264
992 1111 -2634
992 1518 -6195
992 1962 -9447
2001 993 0
993 1338 -5883
993 1832 -2383
993 1191 -9460
993 1626 -2518
993 1607 -4957
2001 994 0
994 1844 -1527
994 1342 -4612
994 1360 -492
994 1849 -9123
994 1684 -7969
994 1260 -3458
994 1915 -9091
994 1496 -7492
994 1953 -9450
2001 995 0
995 1380 -5782
995 1689 -3548
995 1591 -2005
995 1702 -2795
995 1955 -962
995 1105 -780
2001 996 0
996 1472 -4915
996 1945 -5561
996 1838 -2750
996 1092 -8377
996 1917 -8759
996 1876 -9965
996 1301 -2029
996 1409 -9694
2001 997 0
997 1702 -4011
997 1951 -7735
997 1020 -9514
997 1419 -253
2001 998 0
998 1126 -3063
998 1116 -5075
998 1330 -5802
998 1361 -3330
2001 999 0
999 1472 -7355
999 1267 -3488
999 1354 -202
999 1872 -5032
2001 1000 0
1000 1149 -975
1000 1256 -3053
1000 1266 -6597
1001 2002 0
1002 2002 0
1003 2002 0
1004 2002 0
1005 2002 0
1006 2002 0
1007 2002 0
1008 2002 0
1009 2002 0
1010 2002 0
1011 2002 0
1012 2002 0
1013 2002 0
1014 2002 0
1015 2002 0
1016 2002 0
1017 2002 0
1018 2002 0
1019 2002 0
1020 2002 0
1021 2002 0
1022 2002 0
1023 2002 0
1024 2002 0
1025 2002 0
1026 2002 0
1027 2002 0
1028 2002 0
1029 2002 0
1030 2002 0
1031 2002 0
1032 2002 0
1033 2002 0
1034 2002 0
1035 2002 0
1036 2002 0
1037 2002 0
1038 2002 0
1039 2002 0
1040 2002 0
1041 2002 0
1042 2002 0
1043 2002 0
1044 2002 0
1045 2002 0
1046 2002 0
1047 2002 0
1048 2002 0
1049 2002 0
1050 2002 0
1051 2002 0
1052 2002 0
1053 2002 0
1054 2002 0
1055 2002 0
1056 2002 0
1057 2002 0
1058 2002 0
1059 2002 0
1060 2002 0
1061 2002 0
1062 2002 0
1063 2002 0
1064 2002 0
1065 2002 0
1066 2002 0
1067 2002 0
1068 2002 0
1069 2002 0
1070 2002 0
1071 2002 0
1072 2002 0
1073 2002 0
1074 2002 0
1075 2002 0
1076 2002 0
1077 2002 0
1078 2002 0
1079 2002 0
1080 2002 0
1081 2002 0
1082 2002 0
1083 2002 0
1084 2002 0
1085 2002 0
1086 2002 0
1087 2002 0
1088 2002 0
1089 2002 0
1090 2002 0
1091 2002 0
1092 2002 0
1093 2002 0
1094 2002 0
1095 2002 0
1096 2002 0
1097 2002 0
1098 2002 0
1099 2002 0
1100 2002 0
1101 2002 0
1102 2002 0
1103 2002 0
1104 2002 0
1105 2002 0
1106 2002 0
1107 2002 0
1108 2002 0
1109 2002 0
1110 2002 0
1111 2002 0
1112 2002 0
1113 2002 0
1114 2002 0
1115 2002 0
1116 2002 0
1117 2002 0
1118 2002 0
1119 2002 0
1120 2002 0
1121 2002 0
1122 2002 0
1123 2002 0
1124 2002 0
1125 2002 0
1126 2002 0
1127 2002 0
1128 2002 0
1129 2002 0
1130 2002 0
1131 2002 0
1132 2002 0
1133 2002 0
1134 2002 0
1135 2002 0
1136 2002 0
1137 2002 0
1138 2002 0
1139 2002 0
1140 2002 0
1141 2002 0
1142 2002 0
1143 2002 0
1144 2002 0
1145 2002 0
1146 2002 0
1147 2002 0
1148 2002 0
1149 2002 0
1150 2002 0
1151 2002 0
1152 2002 0
1153 2002 0
1154 2002 0
1155 2002 0
1156 2002 0
1157 2002 0
1158 2002 0
1159 2002 0
1160 2002 0
1161 2002 0
1162 2002 0
1163 2002 0
1164 2002 0
1165 2002 0
1166 2002 0
1167 2002 0
1168 2002 0
1169 2002 0
2001 1170 0
1171 2002 0
1172 2002 0
1173 2002 0
1174 2002 0
1175 2002 0
1176 2002 0
1177 2002 0
1178 2002 0
1179 2002 0
1180 2002 0
1181 2002 0
1182 2002 0
1183 2002 0
1184 2002 0
1185 2002 0
1186 2002 0
1187 2002 0
1188 2002 0
1189 2002 0
1190 2002 0
1191 2002 0
1192 2002 0
1193 2002 0
1194 2002 0
1195 2002 0
1196 2002 0
1197 2002 0
1198 2002 0
1199 2002 0
1200 2002 0
1201 2002 0
1202 2002 0
1203 2002 0
1204 2002 0
1205 2002 0
1206 2002 0
1207 2002 0
1208 2002 0
1209 2002 0
1210 2002 0
1211 2002 0
1212 2002 0
1213 2002 0
1214 2002 0
1215 2002 0
1216 2002 0
1217 2002 0
1218 2002 0
1219 2002 0
1220 2002 0
1221 2002 0
1222 2002 0
1223 2002 0
1224 2002 0
1225 2002 0
1226 2002 0
1227 2002 0
1228 2002 0
1229 2002 0
1230 2002 0
1231 2002 0
1232 2002 0
1233 2002 0
1234 2002 0
1235 2002 0
1236 2002 0
1237 2002 0
1238 2002 0
1239 2002 0
1240 2002 0
1241 2002 0
1242 2002 0
1243 2002 0
1244 2002 0
1245 2002 0
1246 2002 0
1247 2002 0
1248 2002 0
1249 2002 0
1250 2002 0
1251 2002 0
1252 2002 0
1253 2002 0
1254 2002 0
1255 2002 0
1256 2002 0
1257 2002 0
1258 2002 0
1259 2002 0
1260 2002 0
1261 2002 0
1262 2002 0
1263 2002 0
1264 2002 0
1265 2002 0
1266 2002 0
1267 2002 0
1268 2002 0
1269 2002 0
1270 2002 0
1271 2002 0
1272 2002 0
1273 2002 0
1274 2002 0
1275 2002 0
1276 2002 0
1277 2002 0
1278 2002 0
1279 2002 0
1280 2002 0
1281 2002 0
1282 2002 0
1283 2002 0
1284 2002 0
1285 2002 0
1286 2002 0
1287 2002 0
1288 2002 0
1289 2002 0
1290 2002 0
1291 2002 0
1292 2002 0
1293 2002 0
1294 2002 0
1295 2002 0
1296 2002 0
1297 2002 0
1298 2002 0
1299 2002 0
1300 2002 0
1301 2002 0
1302 2002 0
1303 2002 0
1304 2002 0
1305 2002 0
1306 2002 0
1307 2002 0
1308 2002 0
1309 2002 0
1310 2002 0
1311 2002 0
1312 2002 0
1313 2002 0
1314 2002 0
1315 2002 0
1316 2002 0
1317 2002 0
1318 2002 0
1319 2002 0
1320 2002 0
1321 2002 0
1322 2002 0
1323 2002 0
1324 2002 0
1325 2002 0
1326 2002 0
1327 2002 0
1328 2002 0
1329 2002 0
1330 2002 0
1331 2002 0
1332 2002 0
1333 2002 0
1334 2002 0
1335 2002 0
1336 2002 0
1337 2002 0
1338 2002 0
1339 2002 0
1340 2002 0
1341 2002 0
1342 2002 0
1343 2002 0
1344 2002 0
1345 2002 0
1346 2002 0
1347 2002 0
1348 2002 0
1349 2002 0
1350 2002 0
1351 2002 0
1352 2002 0
1353 2002 0
1354 2002 0
1355 2002 0
1356 2002 0
1357 2002 0
1358 2002 0
1359 2002 0
1360 2002 0
1361 2002 0
1362 2002 0
1363 2002 0
1364 2002 0
1365 2002 0
1366 2002 0
1367 2002 0
1368 2002 0
1369 2002 0
1370 2002 0
1371 2002 0
1372 2002 0
1373 2002 0
1374 2002 0
1375 2002 0
1376 2002 0
1377 2002 0
1378 2002 0
1379 2002 0
1380 2002 0
1381 2002 0
1382 2002 0
1383 2002 0
1384 2002 0
1385 2002 0
1386 2002 0
1387 2002 0
1388 2002 0
1389 2002 0
1390 2002 0
1391 2002 0
1392 2002 0
1393 2002 0
1394 2002 0
1395 2002 0
1396 2002 0
1397 2002 0
1398 2002 0
1399 2002 0
1400 2002 0
1401 2002 0
1402 2002 0
1403 2002 0
1404 2002 0
1405 2002 0
1406 2002 0
1407 2002 0
1408 2002 0
1409 2002 0
1410 2002 0
1411 2002 0
1412 2002 0
1413 2002 0
1414 2002 0
1415 2002 0
1416 2002 0
1417 2002 0
1418 2002 0
1419 2002 0
1420 2002 0
1421 2002 0
1422 2002 0
1423 2002 0
1424 2002 0
1425 2002 0
1426 2002 0
1427 2002 0
1428 2002 0
1429 2002 0
1430 2002 0
1431 2002 0
1432 2002 0
1433 2002 0
1434 2002 0
1435 2002 0
1436 2002 0
1437 2002 0
1438 2002 0
2001 1439 0
1440 2002 0
1441 2002 0
1442 2002 0
1443 2002 0
1444 2002 0
1445 2002 0
1446 2002 0
1447 2002 0
1448 2002 0
1449 2002 0
1450 2002 0
1451 2002 0
1452 2002 0
1453 2002 0
1454 2002 0
1455 2002 0
1456 2002 0
1457 2002 0
1458 2002 0
1459 2002 0
1460 2002 0
2001 1461 0
1462 2002 0
1463 2002 0
1464 2002 0
1465 2002 0
1466 2002 0
1467 2002 0
1468 2002 0
1469 2002 0
1470 2002 0
1471 2002 0
1472 2002 0
1473 2002 0
1474 2002 0
1475 2002 0
1476 2002 0
1477 2002 0
1478 2002 0
1479 2002 0
1480 2002 0
1481 2002 0
1482 2002 0
1483 2002 0
1484 2002 0
1485 2002 0
1486 2002 0
1487 2002 0
1488 2002 0
1489 2002 0
1490 2002 0
1491 2002 0
1492 2002 0
1493 2002 0
1494 2002 0
1495 2002 0
1496 2002 0
1497 2002 0
1498 2002 0
1499 2002 0
1500 2002 0
1501 2002 0
1502 2002 0
1503 2002 0
1504 2002 0
1505 2002 0
1506 2002 0
1507 2002 0
1508 2002 0
1509 2002 0
1510 2002 0
2001 1511 0
1512 2002 0
1513 2002 0
1514 2002 0
1515 2002 0
1516 2002 0
1517 2002 0
1518 2002 0
1519 2002 0
1520 2002 0
1521 2002 0
2001 1522 0
1523 2002 0
1524 2002 0
1525 2002 0
1526 2002 0
1527 2002 0
1528 2002 0
1529 2002 0
1530 2002 0
1531 2002 0
1532 2002 0
1533 2002 0
1534 2002 0
1535 2002 0
1536 2002 0
1537 2002 0
1538 2002 0
1539 2002 0
1540 2002 0
1541 2002 0
1542 2002 0
1543 2002 0
1544 2002 0
1545 2002 0
1546 2002 0
1547 2002 0
1548 2002 0
1549 2002 0
1550 2002 0
1551 2002 0
1552 2002 0
1553 2002 0
1554 2002 0
1555 2002 0
1556 2002 0
1557 2002 0
1558 2002 0
1559 2002 0
1560 2002 0
1561 2002 0
1562 2002 0
1563 2002 0
1564 2002 0
1565 2002 0
1566 2002 0
1567 2002 0
1568 2002 0
1569 2002 0
1570 2002 0
1571 2002 0
1572 2002 0
1573 2002 0
1574 2002 0
1575 2002 0
1576 2002 0
1577 2002 0
1578 2002 0
1579 2002 0
1580 2002 0
1581 2002 0
1582 2002 0
1583 2002 0
1584 2002 0
1585 2002 0
1586 2002 0
1587 2002 0
1588 2002 0
1589 2002 0
1590 2002 0
1591 2002 0
1592 2002 0
1593 2002 0
1594 2002 0
1595 2002 0
1596 2002 0
1597 2002 0
1598 2002 0
1599 2002 0
1600 2002 0
1601 2002 0
1602 2002 0
1603 2002 0
1604 2002 0
1605 2002 0
1606 2002 0
1607 2002 0
1608 2002 0
1609 2002 0
1610 2002 0
1611 2002 0
1612 2002 0
1613 2002 0
1614 2002 0
1615 2002 0
1616 2002 0
1617 2002 0
1618 2002 0
1619 2002 0
1620 2002 0
1621 2002 0
1622 2002 0
1623 2002 0
1624 2002 0
1625 2002 0
1626 2002 0
1627 2002 0
1628 2002 0
1629 2002 0
1630 2002 0
1631 2002 0
1632 2002 0
1633 2002 0
1634 2002 0
1635 2002 0
1636 2002 0
1637 2002 0
1638 2002 0
1639 2002 0
1640 2002 0
1641 2002 0
1642 2002 0
1643 2002 0
1644 2002 0
1645 2002 0
1646 2002 0
1647 2002 0
1648 2002 0
1649 2002 0
1650 2002 0
1651 2002 0
1652 2002 0
1653 2002 0
1654 2002 0
1655 2002 0
1656 2002 0
1657 2002 0
1658 2002 0
1659 2002 0
1660 2002 0
1661 2002 0
1662 2002 0
1663 2002 0
1664 2002 0
1665 2002 0
1666 2002 0
1667 2002 0
1668 2002 0
1669 2002 0
1670 2002 0
1671 2002 0
1672 2002 0
1673 2002 0
1674 2002 0
1675 2002 0
1676 2002 0
1677 2002 0
1678 2002 0
1679 2002 0
1680 2002 0
1681 2002 0
1682 2002 0
1683 2002 0
1684 2002 0
1685 2002 0
1686 2002 0
1687 2002 0
1688 2002 0
1689 2002 0
1690 2002 0
1691 2002 0
1692 2002 0
1693 2002 0
1694 2002 0
1695 2002 0
1696 2002 0
1697 2002 0
1698 2002 0
1699 2002 0
1700 2002 0
1701 2002 0
1702 2002 0
1703 2002 0
1704 2002 0
1705 2002 0
1706 2002 0
1707 2002 0
1708 2002 0
1709 2002 0
1710 2002 0
1711 2002 0
1712 2002 0
1713 2002 0
1714 2002 0
1715 2002 0
1716 2002 0
1717 2002 0
1718 2002 0
1719 2002 0
1720 2002 0
1721 2002 0
1722 2002 0
1723 2002 0
1724 2002 0
1725 2002 0
1726 2002 0
1727 2002 0
1728 2002 0
1729 2002 0
1730 2002 0
1731 2002 0
1732 2002 0
1733 2002 0
1734 2002 0
1735 2002 0
1736 2002 0
1737 2002 0
1738 2002 0
1739 2002 0
1740 2002 0
1741 2002 0
1742 2002 0
1743 2002 0
1744 2002 0
1745 2002 0
1746 2002 0
1747 2002 0
1748 2002 0
1749 2002 0
1750 2002 0
1751 2002 0
1752 2002 0
1753 2002 0
1754 2002 0
1755 2002 0
1756 2002 0
1757 2002 0
1758 2002 0
1759 2002 0
1760 2002 0
1761 2002 0
1762 2002 0
1763 2002 0
1764 2002 0
1765 2002 0
1766 2002 0
1767 2002 0
1768 2002 0
1769 2002 0
1770 2002 0
1771 2002 0
1772 2002 0
1773 2002 0
1774 2002 0
1775 2002 0
1776 2002 0
1777 2002 0
1778 2002 0
1779 2002 0
1780 2002 0
1781 2002 0
1782 2002 0
1783 2002 0
1784 2002 0
1785 2002 0
1786 2002 0
1787 2002 0
1788 2002 0
1789 2002 0
1790 2002 0
1791 2002 0
1792 2002 0
1793 2002 0
1794 2002 0
1795 2002 0
1796 2002 0
1797 2002 0
1798 2002 0
1799 2002 0
1800 2002 0
1801 2002 0
1802 2002 0
1803 2002 0
1804 2002 0
1805 2002 0
1806 2002 0
1807 2002 0
1808 2002 0
1809 2002 0
1810 2002 0
1811 2002 0
1812 2002 0
1813 2002 0
1814 2002 0
1815 2002 0
1816 2002 0
1817 2002 0
1818 2002 0
1819 2002 0
1820 2002 0
1821 2002 0
1822 2002 0
1823 2002 0
1824 2002 0
1825 2002 0
1826 2002 0
1827 2002 0
1828 2002 0
1829 2002 0
1830 2002 0
1831 2002 0
1832 2002 0
1833 2002 0
1834 2002 0
1835 2002 0
1836 2002 0
1837 2002 0
1838 2002 0
1839 2002 0
1840 2002 0
1841 2002 0
1842 2002 0
1843 2002 0
1844 2002 0
1845 2002 0
1846 2002 0
1847 2002 0
1848 2002 0
1849 2002 0
1850 2002 0
1851 2002 0
1852 2002 0
1853 2002 0
1854 2002 0
1855 2002 0
1856 2002 0
1857 2002 0
1858 2002 0
1859 2002 0
1860 2002 0
1861 2002 0
1862 2002 0
1863 2002 0
1864 2002 0
1865 2002 0
1866 2002 0
1867 2002 0
1868 2002 0
1869 2002 0
1870 2002 0
1871 2002 0
1872 2002 0
1873 2002 0
1874 2002 0
1875 2002 0
1876 2002 0
1877 2002 0
1878 2002 0
1879 2002 0
1880 2002 0
1881 2002 0
1882 2002 0
1883 2002 0
1884 2002 0
1885 2002 0
1886 2002 0
1887 2002 0
1888 2002 0
1889 2002 0
1890 2002 0
1891 2002 0
1892 2002 0
1893 2002 0
1894 2002 0
1895 2002 0
1896 2002 0
1897 2002 0
1898 2002 0
1899 2002 0
1900 2002 0
1901 2002 0
1902 2002 0
1903 2002 0
1904 2002 0
1905 2002 0
1906 2002 0
1907 2002 0
1908 2002 0
1909 2002 0
1910 2002 0
1911 2002 0
1912 2002 0
1913 2002 0
1914 2002 0
1915 2002 0
1916 2002 0
1917 2002 0
1918 2002 0
1919 2002 0
1920 2002 0
1921 2002 0
1922 2002 0
1923 2002 0
1924 2002 0
1925 2002 0
1926 2002 0
1927 2002 0
1928 2002 0
1929 2002 0
1930 2002 0
1931 2002 0
1932 2002 0
1933 2002 0
1934 2002 0
1935 2002 0
1936 2002 0
1937 2002 0
1938 2002 0
1939 2002 0
1940 2002 0
1941 2002 0
1942 2002 0
1943 2002 0
1944 2002 0
1945 2002 0
1946 2002 0
1947 2002 0
1948 2002 0
1949 2002 0
1950 2002 0
1951 2002 0
1952 2002 0
1953 2002 0
1954 2002 0
1955 2002 0
1956 2002 0
1957 2002 0
1958 2002 0
1959 2002 0
1960 2002 0
1961 2002 0
1962 2002 0
1963 2002 0
1964 2002 0
1965 2002 0
1966 2002 0
1967 2002 0
1968 2002 0
1969 2002 0
1970 2002 0
1971 2002 0
1972 2002 0
1973 2002 0
1974 2002 0
1975 2002 0
1976 2002 0
1977 2002 0
1978 2002 0
1979 2002 0
1980 2002 0
1981 2002 0
1982 2002 0
1983 2002 0
1984 2002 0
1985 2002 0
1986 2002 0
1987 2002 0
1988 2002 0
1989 2002 0
1990 2002 0
1991 2002 0
1992 2002 0
1993 2002 0
1994 2002 0
1995 2002 0
1996 2002 0
2001 1997 0
1998 2002 0
1999 2002 0
2000 2002 0
2001 2002

Output:
Max-flow:		 994
Max-flow is verified
Min-cost max-flow:	-7002573
